1.2504
0.647933333333333
0.5802
0.546866666666667
0.535933333333333
0.575266666666666
0.577866666666667
0.5862
0.549733333333333
0.647933333333333
0.5802
0.546866666666666
0.535933333333333
0.575266666666666
0.577866666666669
0.586199999999998
0.549733333333334
0.647933333333333
0.5802
0.546866666666668
0.535933333333332
0.575266666666666
0.577866666666669
0.586199999999998
0.549733333333334
0.647933333333333
0.5802
0.546866666666666
0.535933333333336
0.575266666666668
0.577866666666665
0.586199999999998
0.549733333333332
0.647933333333334
0.580200000000001
0.546866666666666
0.535933333333332
0.575266666666668
0.577866666666669
0.586199999999998
0.549733333333332
0.647933333333334
0.580199999999998
0.546866666666666
0.535933333333336
0.575266666666668
0.577866666666665
0.586199999999998
0.549733333333332
0.647933333333334
0.580200000000001
0.546866666666666
0.535933333333332
0.575266666666671
0.577866666666665
0.586200000000005
0.549733333333329
0.647933333333334
0.580199999999998
0.546866666666659
0.535933333333347
0.575266666666657
0.577866666666672
0.586199999999991
0.549733333333343
0.647933333333334
0.580199999999998
0.546866666666666
0.535933333333325
0.575266666666671
0.577866666666665
0.586200000000005
0.549733333333336
0.647933333333334
0.580199999999991
0.546866666666673
0.535933333333325
0.575266666666671
0.577866666666665
0.586200000000005
0.549733333333329
0.647933333333334
0.580199999999998
0.546866666666673
0.535933333333325
0.575266666666664
0.577866666666672
0.586200000000005
0.549733333333322
0.647933333333341
0.580199999999998
0.546866666666666
0.53593333333334
0.575266666666657
0.577866666666672
0.586199999999991
0.549733333333343
0.647933333333334
0.580199999999998
0.546866666666659
0.535933333333332
0.575266666666671
0.577866666666672
0.586199999999991
0.549733333333343
0.647933333333334
0.580199999999991
0.546866666666681
0.535933333333325
0.575266666666664
0.577866666666665
0.586200000000005
0.549733333333336
0.647933333333341
0.580200000000005
0.546866666666645
0.535933333333347
0.575266666666664
0.577866666666665
0.586199999999991
0.549733333333336
0.647933333333341
0.580200000000005
0.546866666666659
0.535933333333318
0.575266666666678
0.577866666666679
0.586199999999977
0.549733333333336
0.647933333333341
0.580200000000005
0.546866666666659
0.535933333333318
0.575266666666693
0.577866666666665
0.586199999999991
0.549733333333336
0.647933333333341
0.580199999999977
0.546866666666673
0.535933333333347
0.575266666666678
0.577866666666651
0.586200000000005
0.549733333333322
0.647933333333341
0.580200000000005
0.546866666666659
0.535933333333347
0.575266666666664
0.577866666666651
0.586200000000005
0.549733333333336
0.647933333333341
0.580200000000005
0.546866666666645
0.535933333333347
0.575266666666664
0.577866666666665
0.586199999999991
0.549733333333336
0.647933333333341
0.580200000000005
0.546866666666659
0.535933333333318
0.575266666666678
0.577866666666665
0.586200000000005
0.549733333333322
0.647933333333341
0.580200000000005
0.546866666666659
0.535933333333318
0.575266666666693
0.577866666666665
0.586199999999991
0.549733333333336
0.647933333333341
0.580199999999977
0.546866666666673
0.535933333333347
0.575266666666664
0.577866666666665
0.586200000000005
0.549733333333322
0.647933333333341
0.580200000000005
0.546866666666659
0.535933333333318
0.575266666666693
0.577866666666651
0.586200000000005
0.549733333333336
0.647933333333341
0.580199999999977
0.546866666666673
0.535933333333347
0.575266666666664
0.577866666666665
0.586199999999991
0.549733333333336
0.647933333333341
0.580200000000005
0.546866666666659
0.535933333333318
0.575266666666678
0.577866666666665
0.586200000000005
0.549733333333322
0.647933333333341
0.580200000000005
0.546866666666659
0.535933333333347
