0,89.0855992631589,89.0855992631589,0
0,88.1403331123874,88.1403331123874,0
0,90.313084171905,90.313084171905,0
0,88.4113416440957,88.4113416440957,0
0,80.370489956016,80.370489956016,0
0,82.9854667783379,82.9854667783379,0
0,69.7901785852038,69.7901785852038,0
0,77.3897200346438,77.3897200346438,0
0,78.5517303110304,78.5517303110304,0
0,84.3281495444146,84.3281495444146,0
0,82.6782154765933,82.6782154765933,0
0,81.5747761945147,81.5747761945147,0
0,80.8588465138233,80.8588465138233,0
0,79.9728283088187,79.9728283088187,0
0,79.0967576115854,79.0967576115854,0
0,78.1841265522767,78.1841265522767,0
0,78.084643641998,78.084643641998,0
0,77.6239674140078,77.6239674140078,0
0,77.7162842046307,77.7162842046307,0
0,77.1290472520736,77.1290472520736,0
0,76.4286218869794,76.4286218869794,0
0,76.7158051021274,76.7158051021274,0
0,76.6243005052457,76.6243005052457,0
0,77.0665916613306,77.0665916613306,0
0,77.084683985351,77.084683985351,0
0,76.9099755660374,76.9099755660374,0
0,77.2751266267977,77.2751266267977,0
0,76.7293400200981,76.7293400200981,0
0,78.0427150322582,78.0427150322582,0
0,77.1590619554368,77.1590619554368,0
0,77.8740193382856,77.8740193382856,0
0,78.0543979683865,78.0543979683865,0
0,77.8136592324925,77.8136592324925,0
0,78.6602799571828,78.6602799571828,0
0,77.852399356953,77.852399356953,0
0,77.2152305813448,77.2152305813448,0
0,77.6806513676547,77.6806513676547,0
0,78.275619048501,78.275619048501,0
0,78.3727962324071,78.3727962324071,0
0,78.0164554123471,78.0164554123471,0
0,78.9044964961972,78.9044964961972,0
0,78.2910451872368,78.2910451872368,0
0,78.2123819086763,78.2123819086763,0
0,77.7082385913609,77.7082385913609,0
0,76.7191684568655,76.7191684568655,0
0,77.1687129132393,77.1687129132393,0
0,77.5236302093973,77.5236302093973,0
0,77.5912344467171,77.5912344467171,0
0,76.9172369952847,76.9172369952847,0
0,77.0601458631953,77.0601458631953,0
0,76.9137097624378,76.9137097624378,0
0,77.0511384022669,77.0511384022669,0
0,77.9031663345934,77.9031663345934,0
0,78.2470727444808,78.2470727444808,0
0,77.752052539202,77.752052539202,0
0,78.2879477513126,78.2879477513126,0
0,77.9756279878566,77.9756279878566,0
0,78.1026181203728,78.1026181203728,0
0,77.4734103199051,77.4734103199051,0
0,77.3106534941518,77.3106534941518,0
0,77.5739127778942,77.5739127778942,0
0,77.801760872671,77.801760872671,0
0,77.5179942063474,77.5179942063474,0
0,77.1707558211716,77.1707558211716,0
0,77.7413874285005,77.7413874285005,0
0,79.316742812195,79.316742812195,0
0,78.6827208567349,78.6827208567349,0
0,78.5765573101552,78.5765573101552,0
0,78.8633814267121,78.8633814267121,0
0,78.395767194117,78.395767194117,0
0,79.4532736574572,79.4532736574572,0
0,79.0924043398342,79.0924043398342,0
0,79.8080599989257,79.8080599989257,0
0,79.6756054882141,79.6756054882141,0
0,79.3555723737179,79.3555723737179,0
0,79.3332440158725,79.3332440158725,0
0,78.7951359424892,78.7951359424892,0
0,79.1919808860255,79.1919808860255,0
0,79.0452159618574,79.0452159618574,0
0,79.130160023276,79.130160023276,0
0,80.0075050256779,80.0075050256779,0
0,78.8354282744688,78.8354282744688,0
0,78.6684803291861,78.6684803291861,0
0,79.2444588021525,79.2444588021525,0
0,79.5769944563635,79.5769944563635,0
0,79.2390172185712,79.2390172185712,0
0,78.1687507399427,78.1687507399427,0
0,77.8570319934708,77.8570319934708,0
0,78.2380135183141,78.2380135183141,0
0,78.5679393439791,78.5679393439791,0
0,78.2456373079115,78.2456373079115,0
0,78.1398854339545,78.1398854339545,0
0,78.6047476170104,78.6047476170104,0
0,79.332511664728,79.332511664728,0
0,78.1863959124946,78.1863959124946,0
0,78.0312886772259,78.0312886772259,0
0,78.7846163462326,78.7846163462326,0
0,79.0581918790621,79.0581918790621,0
0,79.0085598096653,79.0085598096653,0
0,78.7945198841522,78.7945198841522,0
0,79.5597750375579,79.5597750375579,0
0,79.6876352120858,79.6876352120858,0
0,79.4403223008031,79.4403223008031,0
0,79.4416625854415,79.4416625854415,0
0,78.9221972043505,78.9221972043505,0
0,78.4715951121525,78.4715951121525,0
0,79.2298517664315,79.2298517664315,0
0,79.2001265593,79.2001265593,0
0,78.7874626408952,78.7874626408952,0
0,78.9742225300966,78.9742225300966,0
0,78.3957247846091,78.3957247846091,0
0,77.8311339170308,77.8311339170308,0
0,77.5470672856998,77.5470672856998,0
0,77.7560854765605,77.7560854765605,0
0,78.1528600973119,78.1528600973119,0
0,78.5045800550343,78.5045800550343,0
0,78.7456223251894,78.7456223251894,0
0,77.5856762338917,77.5856762338917,0
0,77.457361915684,77.457361915684,0
0,77.5534348232136,77.5534348232136,0
0,77.6374798925324,77.6374798925324,0
0,77.4749786761627,77.4749786761627,0
0,77.5504826945676,77.5504826945676,0
0,77.6995020135247,77.6995020135247,0
0,77.2815898124678,77.2815898124678,0
0,77.027632765945,77.027632765945,0
0,77.0031229787425,77.0031229787425,0
0,78.1029115319088,78.1029115319088,0
0,78.4717151274663,78.4717151274663,0
0,78.9700053001665,78.9700053001665,0
0,78.9436250782768,78.9436250782768,0
0,78.8564024051217,78.8564024051217,0
0,79.4149803035537,79.4149803035537,0
0,79.2268118580419,79.2268118580419,0
0,78.9410744430224,78.9410744430224,0
0,78.8281683778016,78.8281683778016,0
0,78.8415328013586,78.8415328013586,0
0,78.7064875290945,78.7064875290945,0
0,77.7026822032984,77.7026822032984,0
0,77.7767296705743,77.7767296705743,0
0,77.4610706112918,77.4610706112918,0
0,77.9725557447839,77.9725557447839,0
0,77.679687455032,77.679687455032,0
0,77.6944021560409,77.6944021560409,0
0,77.9176444999156,77.9176444999156,0
0,78.2492617782465,78.2492617782465,0
0,78.3249883532876,78.3249883532876,0
0,79.0071407120483,79.0071407120483,0
0,78.6968534192728,78.6968534192728,0
0,78.6833628038764,78.6833628038764,0
0,78.3059056152107,78.3059056152107,0
0,78.1782003522714,78.1782003522714,0
0,78.0052699813965,78.0052699813965,0
0,78.196739260676,78.196739260676,0
0,78.0497229814432,78.0497229814432,0
0,77.2254088020406,77.2254088020406,0
0,78.1998210930488,78.1998210930488,0
0,79.2279092064509,79.2279092064509,0
0,78.6081643723684,78.6081643723684,0
0,78.815955959249,78.815955959249,0
0,79.2126449475331,79.2126449475331,0
0,79.7302527275277,79.7302527275277,0
0,79.6007069913336,79.6007069913336,0
0,79.9879975457743,79.9879975457743,0
0,79.7336668771689,79.7336668771689,0
0,80.7238912142828,80.7238912142828,0
0,80.7083995372072,80.7083995372072,0
0,79.5723840107285,79.5723840107285,0
0,79.3698029083136,79.3698029083136,0
0,79.5489498759868,79.5489498759868,0
0,79.0842557466787,79.0842557466787,0
0,79.2929679549807,79.2929679549807,0
0,79.3647816405698,79.3647816405698,0
0,79.2862753837044,79.2862753837044,0
0,79.1026935569097,79.1026935569097,0
0,79.7512176308446,79.7512176308446,0
0,79.8202811351349,79.8202811351349,0
0,80.3857393603667,80.3857393603667,0
0,80.3832775099066,80.3832775099066,0
0,79.8935304911821,79.8935304911821,0
0,79.1712142717792,79.1712142717792,0
0,79.8532411478397,79.8532411478397,0
0,78.8073941002988,78.8073941002988,0
0,78.6403797736917,78.6403797736917,0
0,78.8096469951773,78.8096469951773,0
0,78.9436494159176,78.9436494159176,0
0,77.7037797553867,77.7037797553867,0
0,77.2415909884175,77.2415909884175,0
0,77.0676397476858,77.0676397476858,0
0,76.6957218208227,76.6957218208227,0
0,76.8415362592739,76.8415362592739,0
0,77.5636889129334,77.5636889129334,0
0,77.2127196357693,77.2127196357693,0
0,77.3887920206772,77.3887920206772,0
0,77.8712416335941,77.8712416335941,0
0,78.0066782116731,78.0066782116731,0
0,77.4448988300526,77.4448988300526,0
0,78.8000114807904,78.8000114807904,0
0,78.590014816691,78.590014816691,0
0,78.3130596475002,78.3130596475002,0
0,78.9554935252478,78.9554935252478,0
0,78.318777546291,78.318777546291,0
0,77.8528423753316,77.8528423753316,0
0,78.0328210537138,78.0328210537138,0
0,78.6661718872578,78.6661718872578,0
0,78.2613598096916,78.2613598096916,0
0,77.5182578671385,77.5182578671385,0
0,78.0441244821564,78.0441244821564,0
0,78.0651881415047,78.0651881415047,0
0,78.3536987857933,78.3536987857933,0
0,78.6130373841551,78.6130373841551,0
0,78.2865210113072,78.2865210113072,0
0,78.5843907187012,78.5843907187012,0
0,79.0702684176199,79.0702684176199,0
0,79.1436010187393,79.1436010187393,0
0,78.777588112685,78.777588112685,0
0,79.1163463940349,79.1163463940349,0
0,80.126209893864,80.126209893864,0
0,80.1202902414092,80.1202902414092,0
0,79.4759727710498,79.4759727710498,0
0,78.6633214027437,78.6633214027437,0
0,79.1382227121043,79.1382227121043,0
0,79.8249667190422,79.8249667190422,0
0,79.7785974840887,79.7785974840887,0
0,78.9737584317948,78.9737584317948,0
0,79.423389014675,79.423389014675,0
0,79.7049233366459,79.7049233366459,0
0,79.8262534556676,79.8262534556676,0
0,79.9003456448118,79.9003456448118,0
0,79.2767186006156,79.2767186006156,0
0,79.4094587995787,79.4094587995787,0
0,79.6038573070774,79.6038573070774,0
0,79.4615274545259,79.4615274545259,0
0,79.387150386333,79.387150386333,0
0,79.877318446201,79.877318446201,0
0,79.9420769507821,79.9420769507821,0
0,79.9019195525956,79.9019195525956,0
0,79.9551673977271,79.9551673977271,0
0,79.4221076490759,79.4221076490759,0
0,78.3882162546978,78.3882162546978,0
0,78.970425868862,78.970425868862,0
0,79.2335367895204,79.2335367895204,0
0,79.6640522086249,79.6640522086249,0
0,79.2503741862006,79.2503741862006,0
0,78.6122166173066,78.6122166173066,0
0,78.2900567308137,78.2900567308137,0
0,79.6439850056432,79.6439850056432,0
0,78.942588099517,78.942588099517,0
0,78.8806169683568,78.8806169683568,0
0,78.7372150469208,78.7372150469208,0
0,79.7828588071507,79.7828588071507,0
0,79.6538482348546,79.6538482348546,0
0,79.599730120626,79.599730120626,0
0,79.8144451912821,79.8144451912821,0
0,80.429064520383,80.429064520383,0
0,80.9629746470266,80.9629746470266,0
0,80.5535346006796,80.5535346006796,0
0,80.0238686439909,80.0238686439909,0
0,80.6543984075326,80.6543984075326,0
0,80.8571689472205,80.8571689472205,0
0,81.4885200724689,81.4885200724689,0
0,81.9135328922403,81.9135328922403,0
0,82.3479060211828,82.3479060211828,0
0,81.9258158865768,81.9258158865768,0
0,81.3011459215965,81.3011459215965,0
0,81.0122796701673,81.0122796701673,0
0,80.5076350757507,80.5076350757507,0
0,81.2094946331901,81.2094946331901,0
0,81.5528396819867,81.5528396819867,0
0,81.0326271412896,81.0326271412896,0
0,80.8134522446568,80.8134522446568,0
0,80.4296174723023,80.4296174723023,0
0,79.9456457471782,79.9456457471782,0
0,79.9004037204841,79.9004037204841,0
0,80.2767945743819,80.2767945743819,0
0,80.5030478839424,80.5030478839424,0
0,80.9212203444879,80.9212203444879,0
0,81.4483306395583,81.4483306395583,0
0,81.699663288177,81.699663288177,0
0,82.459037818251,82.459037818251,0
0,82.7086165922385,82.7086165922385,0
0,82.9791023695984,82.9791023695984,0
0,83.0806405010526,83.0806405010526,0
0,83.1106207993797,83.1106207993797,0
0,82.6202729177074,82.6202729177074,0
0,83.0694355504836,83.0694355504836,0
0,83.8613370179464,83.8613370179464,0
0,83.6204652580307,83.6204652580307,0
0,83.4010454438262,83.4010454438262,0
0,83.0940904974945,83.0940904974945,0
0,81.861308128305,81.861308128305,0
0,81.3234051184609,81.3234051184609,0
0,81.2500070411895,81.2500070411895,0
0,81.0379282775971,81.0379282775971,0
0,81.3215497559072,81.3215497559072,0
0,81.616609887964,81.616609887964,0
0,81.3419913620537,81.3419913620537,0
0,81.2403934805254,81.2403934805254,0
0,80.6357326777187,80.6357326777187,0
0,80.8012451620561,80.8012451620561,0
0,80.6465135418828,80.6465135418828,0
0,80.5890409348522,80.5890409348522,0
0,81.2512830188385,81.2512830188385,0
0,81.5465799753839,81.5465799753839,0
0,81.518056675575,81.518056675575,0
0,81.2216828433916,81.2216828433916,0
0,81.6106332012637,81.6106332012637,0
0,81.2304735872566,81.2304735872566,0
0,80.3369622471648,80.3369622471648,0
0,80.8810072965563,80.8810072965563,0
0,80.9245312170679,80.9245312170679,0
0,81.2390464233199,81.2390464233199,0
0,81.1357228820022,81.1357228820022,0
0,81.0488087645115,81.0488087645115,0
0,80.7789359205095,80.7789359205095,0
0,80.8832157134258,80.8832157134258,0
0,80.2764122457585,80.2764122457585,0
0,79.8989276956868,79.8989276956868,0
0,80.1811611163356,80.1811611163356,0
0,80.3840121819598,80.3840121819598,0
0,80.1577571692699,80.1577571692699,0
0,79.7569072823297,79.7569072823297,0
0,79.4473113155647,79.4473113155647,0
0,79.3651504511516,79.3651504511516,0
0,79.7657609680868,79.7657609680868,0
0,79.6238791542754,79.6238791542754,0
0,79.2027548664359,79.2027548664359,0
0,79.4504754309459,79.4504754309459,0
0,79.698851513595,79.698851513595,0
0,79.540412024236,79.540412024236,0
0,80.3124818652114,80.3124818652114,0
0,80.2924051629115,80.2924051629115,0
0,80.2336478845535,80.2336478845535,0
0,80.2012110023384,80.2012110023384,0
0,80.98348416285,80.98348416285,0
0,80.3628120537555,80.3628120537555,0
0,80.6027760088594,80.6027760088594,0
0,80.6369169354182,80.6369169354182,0
0,80.6066110016017,80.6066110016017,0
0,80.4599619437714,80.4599619437714,0
0,80.1904645766737,80.1904645766737,0
0,79.5783374676137,79.5783374676137,0
0,80.0205850868934,80.0205850868934,0
0,80.8774232029581,80.8774232029581,0
0,81.4353919631077,81.4353919631077,0
0,81.335295740378,81.335295740378,0
0,81.3830058898962,81.3830058898962,0
0,81.004341503425,81.004341503425,0
0,81.5572497198997,81.5572497198997,0
0,81.4118425889661,81.4118425889661,0
0,81.5390285300295,81.5390285300295,0
0,82.2171795110593,82.2171795110593,0
0,82.4979555666324,82.4979555666324,0
0,82.7056409897518,82.7056409897518,0
0,82.0113940701022,82.0113940701022,0
0,81.5449204326156,81.5449204326156,0
0,81.3527306955595,81.3527306955595,0
0,81.8263097126123,81.8263097126123,0
0,82.2761329777855,82.2761329777855,0
0,82.5361383327876,82.5361383327876,0
0,83.3167341062889,83.3167341062889,0
0,82.9815895429521,82.9815895429521,0
0,83.0790863265979,83.0790863265979,0
0,82.692032502257,82.692032502257,0
0,82.4798365861996,82.4798365861996,0
0,81.9848685350353,81.9848685350353,0
0,82.6724809029461,82.6724809029461,0
0,81.8367307633357,81.8367307633357,0
0,81.4728840404769,81.4728840404769,0
0,81.0246074479439,81.0246074479439,0
0,80.2707163178457,80.2707163178457,0
0,79.8448823929308,79.8448823929308,0
0,79.8411647238922,79.8411647238922,0
0,79.9012683859808,79.9012683859808,0
0,79.9462695029032,79.9462695029032,0
0,79.8717245713867,79.8717245713867,0
0,80.4439507820648,80.4439507820648,0
0,80.4259681690176,80.4259681690176,0
0,81.4415275234618,81.4415275234618,0
0,81.3872451174943,81.3872451174943,0
0,81.5627759575291,81.5627759575291,0
0,82.5907467157611,82.5907467157611,0
0,82.4048789450142,82.4048789450142,0
0,82.5991796914879,82.5991796914879,0
0,81.8200648443436,81.8200648443436,0
0,81.5194870497933,81.5194870497933,0
0,81.6253216771442,81.6253216771442,0
0,81.7699124198676,81.7699124198676,0
0,81.6306609006659,81.6306609006659,0
0,81.0218395420834,81.0218395420834,0
0,81.3715736801754,81.3715736801754,0
0,81.3919558522373,81.3919558522373,0
0,80.7660679220541,80.7660679220541,0
0,81.4378579352775,81.4378579352775,0
0,81.643455746907,81.643455746907,0
0,81.1750877649443,81.1750877649443,0
0,81.5682611829854,81.5682611829854,0
0,80.9846690669901,80.9846690669901,0
0,80.6667029288267,80.6667029288267,0
0,80.0923383359592,80.0923383359592,0
0,80.8825029876452,80.8825029876452,0
0,80.9693608366508,80.9693608366508,0
0,81.1110896997709,81.1110896997709,0
0,81.3795057725864,81.3795057725864,0
0,80.963162985814,80.963162985814,0
0,80.7117705766684,80.7117705766684,0
0,81.584698715178,81.584698715178,0
0,81.407685254941,81.407685254941,0
0,81.8833991694048,81.8833991694048,0
0,81.8848272737125,81.8848272737125,0
0,81.9707467455564,81.9707467455564,0
0,81.3169326084341,81.3169326084341,0
0,80.8549722094291,80.8549722094291,0
0,80.6590375957577,80.6590375957577,0
0,81.279130646664,81.279130646664,0
0,80.6816123339875,80.6816123339875,0
0,80.0526174167038,80.0526174167038,0
0,80.0212600826528,80.0212600826528,0
0,80.0278619853409,80.0278619853409,0
0,79.5548896449336,79.5548896449336,0
0,79.7230972865263,79.7230972865263,0
0,80.0630185436884,80.0630185436884,0
0,79.6979311489358,79.6979311489358,0
0,79.5253269442796,79.5253269442796,0
0,79.0131409664947,79.0131409664947,0
0,78.1002724006576,78.1002724006576,0
0,78.50994364389,78.50994364389,0
0,79.044830516684,79.044830516684,0
0,78.5133410631395,78.5133410631395,0
0,78.5636643601612,78.5636643601612,0
0,78.6978513364089,78.6978513364089,0
0,78.9979968210128,78.9979968210128,0
0,78.7760938882322,78.7760938882322,0
0,78.9213666756397,78.9213666756397,0
0,78.9160397695561,78.9160397695561,0
0,79.1102643099161,79.1102643099161,0
0,79.5160401041167,79.5160401041167,0
0,79.2244082361326,79.2244082361326,0
0,78.379740775543,78.379740775543,0
0,78.6365633413735,78.6365633413735,0
0,78.8846988526282,78.8846988526282,0
0,79.124050526552,79.124050526552,0
0,78.6651877746337,78.6651877746337,0
0,79.1454158982024,79.1454158982024,0
0,79.1009513673156,79.1009513673156,0
0,79.2457791417756,79.2457791417756,0
0,79.1091341295393,79.1091341295393,0
0,78.3220646357116,78.3220646357116,0
0,78.3646507007886,78.3646507007886,0
0,79.1309232115266,79.1309232115266,0
0,79.8999915743464,79.8999915743464,0
0,79.7736461590962,79.7736461590962,0
0,79.1703290536061,79.1703290536061,0
0,79.0420620844937,79.0420620844937,0
0,78.2366423148288,78.2366423148288,0
0,78.3448483721335,78.3448483721335,0
0,78.6726711662595,78.6726711662595,0
0,79.1169432168105,79.1169432168105,0
0,79.7474508142266,79.7474508142266,0
0,80.0933471497611,80.0933471497611,0
0,79.6162929519852,79.6162929519852,0
0,79.2500499437588,79.2500499437588,0
0,78.5299208699672,78.5299208699672,0
0,79.198883044348,79.198883044348,0
0,79.4999838253704,79.4999838253704,0
0,80.0956124338233,80.0956124338233,0
0,79.7314547058906,79.7314547058906,0
0,79.2796199306063,79.2796199306063,0
0,79.182227156856,79.182227156856,0
0,78.9009727861235,78.9009727861235,0
0,79.0214903044199,79.0214903044199,0
0,79.5635505271816,79.5635505271816,0
0,79.4938556989651,79.4938556989651,0
0,80.0496993456173,80.0496993456173,0
0,80.3810972401933,80.3810972401933,0
0,80.0908140971384,80.0908140971384,0
0,79.7743106310969,79.7743106310969,0
0,80.0931205701272,80.0931205701272,0
0,80.1684926064992,80.1684926064992,0
0,80.438257441995,80.438257441995,0
0,80.0044229882757,80.0044229882757,0
0,79.7923063325065,79.7923063325065,0
0,79.3209982654482,79.3209982654482,0
0,79.3924455616578,79.3924455616578,0
0,78.6755542567349,78.6755542567349,0
0,77.44375708477,77.44375708477,0
0,78.1387042460502,78.1387042460502,0
0,78.072590455668,78.072590455668,0
0,77.6116629688643,77.6116629688643,0
0,77.0703441516518,77.0703441516518,0
0,76.8101456658041,76.8101456658041,0
0,77.3611306540275,77.3611306540275,0
0,77.4319208448133,77.4319208448133,0
0,78.0724232862153,78.0724232862153,0
0,77.9301980721467,77.9301980721467,0
0,78.5958736182465,78.5958736182465,0
0,79.64332519667,79.64332519667,0
0,79.8024489811227,79.8024489811227,0
0,79.871803475202,79.871803475202,0
0,80.4762965765493,80.4762965765493,0
0,81.4229195805903,81.4229195805903,0
0,81.2796112480309,81.2796112480309,0
0,80.6592111908829,80.6592111908829,0
0,80.5006781107087,80.5006781107087,0
0,80.2094646712759,80.2094646712759,0
0,80.1357176320817,80.1357176320817,0
0,79.7637182488454,79.7637182488454,0
0,79.1816052250723,79.1816052250723,0
0,78.2179491339782,78.2179491339782,0
0,78.517088583862,78.517088583862,0
0,78.5297526260633,78.5297526260633,0
0,78.3667311920252,78.3667311920252,0
0,78.7166389435237,78.7166389435237,0
0,79.1261393014482,79.1261393014482,0
0,78.437463842594,78.437463842594,0
0,78.431935227513,78.431935227513,0
0,78.5741339428908,78.5741339428908,0
0,78.6461401066563,78.6461401066563,0
0,78.7888297295499,78.7888297295499,0
0,78.8094675064789,78.8094675064789,0
0,79.0008436720903,79.0008436720903,0
0,78.9628616000196,78.9628616000196,0
0,78.7295919576244,78.7295919576244,0
0,78.0752220641077,78.0752220641077,0
0,77.7973331846542,77.7973331846542,0
0,77.9196172729228,77.9196172729228,0
0,77.9503492709181,77.9503492709181,0
0,77.8188036862728,77.8188036862728,0
0,77.6908446785137,77.6908446785137,0
0,78.5872335207235,78.5872335207235,0
0,78.9443746468139,78.9443746468139,0
0,78.3785916730446,78.3785916730446,0
0,78.9298674973146,78.9298674973146,0
0,77.8900535267299,77.8900535267299,0
0,78.1016692896105,78.1016692896105,0
0,78.2302052163201,78.2302052163201,0
0,78.6505653914219,78.6505653914219,0
0,77.9202416342919,77.9202416342919,0
0,77.7699782762949,77.7699782762949,0
0,77.16312358171,77.16312358171,0
0,76.0722337273334,76.0722337273334,0
0,75.7704842673034,75.7704842673034,0
0,75.4721476517216,75.4721476517216,0
0,74.7835747181335,74.7835747181335,0
0,75.2096910686181,75.2096910686181,0
0,75.2742012492797,75.2742012492797,0
0,75.0048309977285,75.0048309977285,0
0,74.2247573398261,74.2247573398261,0
0,74.3450956483029,74.3450956483029,0
0,73.8147668854095,73.8147668854095,0
0,74.0860613707853,74.0860613707853,0
0,74.074566693354,74.074566693354,0
0,73.7860975299723,73.7860975299723,0
0,73.5667577958221,73.5667577958221,0
0,73.112828071648,73.112828071648,0
0,73.8206425235626,73.8206425235626,0
0,73.8968404527773,73.8968404527773,0
0,73.8136400548733,73.8136400548733,0
0,74.2630769415259,74.2630769415259,0
0,74.7387690839399,74.7387690839399,0
0,75.4253292173315,75.4253292173315,0
0,76.0214284917547,76.0214284917547,0
0,75.6026124646164,75.6026124646164,0
0,75.2593613567504,75.2593613567504,0
0,75.4820633951498,75.4820633951498,0
0,75.2538296621379,75.2538296621379,0
0,74.1929212943758,74.1929212943758,0
0,73.5616702279545,73.5616702279545,0
0,73.8615015445729,73.8615015445729,0
0,73.798057668055,73.798057668055,0
0,73.2808366482238,73.2808366482238,0
0,72.9834791845381,72.9834791845381,0
0,72.6350955977526,72.6350955977526,0
0,72.3274790131275,72.3274790131275,0
0,72.8152855097484,72.8152855097484,0
0,72.7341803161908,72.7341803161908,0
0,73.0280375643786,73.0280375643786,0
0,73.2887146416547,73.2887146416547,0
0,73.2605350071178,73.2605350071178,0
0,72.9598564634383,72.9598564634383,0
0,72.6627429100723,72.6627429100723,0
0,72.4273107141379,72.4273107141379,0
0,71.5395567437939,71.5395567437939,0
0,71.2811956464635,71.2811956464635,0
0,71.4248791313005,71.4248791313005,0
0,71.3142243678154,71.3142243678154,0
0,71.6261002983521,71.6261002983521,0
0,71.9795377857874,71.9795377857874,0
0,72.4335359462313,72.4335359462313,0
0,72.7746170966101,72.7746170966101,0
0,72.8493898150163,72.8493898150163,0
0,73.2220102884536,73.2220102884536,0
0,72.9596832258868,72.9596832258868,0
0,73.5770959422244,73.5770959422244,0
0,73.1782609367162,73.1782609367162,0
0,73.4889802548092,73.4889802548092,0
0,72.8658275904912,72.8658275904912,0
0,71.8796516140098,71.8796516140098,0
0,71.1980551966826,71.1980551966826,0
0,70.2040254845948,70.2040254845948,0
0,69.7959157271118,69.7959157271118,0
0,69.829880388586,69.829880388586,0
0,69.3444018786765,69.3444018786765,0
0,69.633318752821,69.633318752821,0
0,69.2447772049068,69.2447772049068,0
0,69.8771947147555,69.8771947147555,0
0,69.3583184568525,69.3583184568525,0
0,69.4561118966988,69.4561118966988,0
0,70.3305867233849,70.3305867233849,0
0,70.558692151151,70.558692151151,0
0,70.355225487866,70.355225487866,0
0,70.4012280765513,70.4012280765513,0
0,69.3616865317194,69.3616865317194,0
0,69.1233312929867,69.1233312929867,0
0,68.7430887856869,68.7430887856869,0
0,68.7057924327336,68.7057924327336,0
0,67.900830778445,67.900830778445,0
0,67.9286895655672,67.9286895655672,0
0,68.2659987222988,68.2659987222988,0
0,66.6223575238003,66.6223575238003,0
0,65.7618285857466,65.7618285857466,0
0,66.4461138721272,66.4461138721272,0
0,65.9458272546631,65.9458272546631,0
0,66.2730743138977,66.2730743138977,0
0,66.6331507187964,66.6331507187964,0
0,67.3622844731593,67.3622844731593,0
0,66.6870383351372,66.6870383351372,0
0,66.5962985051191,66.5962985051191,0
0,66.4747052912546,66.4747052912546,0
0,65.9478904088097,65.9478904088097,0
0,66.7122944277902,66.7122944277902,0
0,67.0271843685483,67.0271843685483,0
0,67.0705626455086,67.0705626455086,0
0,66.8811217081471,66.8811217081471,0
0,66.9779815993243,66.9779815993243,0
0,67.0043210558288,67.0043210558288,0
0,66.3567740284397,66.3567740284397,0
0,66.5683256555868,66.5683256555868,0
0,66.8901812007549,66.8901812007549,0
0,66.7682405170321,66.7682405170321,0
0,66.5225225329623,66.5225225329623,0
0,66.9149864139843,66.9149864139843,0
0,66.9131317721695,66.9131317721695,0
0,66.2434897549384,66.2434897549384,0
0,66.2413164403273,66.2413164403273,0
0,66.1579166941499,66.1579166941499,0
0,65.2498451506137,65.2498451506137,0
0,64.5096583889418,64.5096583889418,0
0,64.7535162948404,64.7535162948404,0
0,64.2288428008995,64.2288428008995,0
0,64.1635663278515,64.1635663278515,0
0,64.6047897923813,64.6047897923813,0
0,64.4299845362319,64.4299845362319,0
0,65.01512202507,65.01512202507,0
0,64.8550358787732,64.8550358787732,0
0,65.4005603641936,65.4005603641936,0
0,65.4526556141455,65.4526556141455,0
0,66.3759472981533,66.3759472981533,0
0,66.9881814059789,66.9881814059789,0
0,67.167553215183,67.167553215183,0
0,67.969426043477,67.969426043477,0
0,67.9306069246912,67.9306069246912,0
0,67.4751356720243,67.4751356720243,0
0,66.6774498740379,66.6774498740379,0
0,66.1062075493392,66.1062075493392,0
0,66.5864126006518,66.5864126006518,0
0,66.0585101675856,66.0585101675856,0
0,66.0084378388171,66.0084378388171,0
0,65.4973373713898,65.4973373713898,0
0,65.3210951320055,65.3210951320055,0
0,65.3611477989994,65.3611477989994,0
0,65.3062654149966,65.3062654149966,0
0,65.90160714974,65.90160714974,0
0,65.7382328547818,65.7382328547818,0
0,66.1973292227561,66.1973292227561,0
0,66.495270390635,66.495270390635,0
0,65.9619778407622,65.9619778407622,0
0,66.9172291510604,66.9172291510604,0
0,67.0034488650706,67.0034488650706,0
0,66.9661580719801,66.9661580719801,0
0,67.4953157223423,67.4953157223423,0
0,67.3719520767885,67.3719520767885,0
0,67.1341822515588,67.1341822515588,0
0,66.5007358403593,66.5007358403593,0
0,66.2587241879812,66.2587241879812,0
0,65.9639273356955,65.9639273356955,0
0,65.5048220349997,65.5048220349997,0
0,66.0969408136954,66.0969408136954,0
0,65.6293928008276,65.6293928008276,0
0,65.2587160926354,65.2587160926354,0
0,65.710022758664,65.710022758664,0
0,65.5584851592865,65.5584851592865,0
0,65.3607353344889,65.3607353344889,0
0,64.9740870280303,64.9740870280303,0
0,65.5015954495647,65.5015954495647,0
0,66.0548111458897,66.0548111458897,0
0,66.0279874906134,66.0279874906134,0
0,66.3306929803662,66.3306929803662,0
0,66.3501593298858,66.3501593298858,0
0,65.6301844482599,65.6301844482599,0
0,66.5449124462106,66.5449124462106,0
0,65.5145320340338,65.5145320340338,0
0,64.7149918042354,64.7149918042354,0
0,65.1741878383787,65.1741878383787,0
0,65.6056193697089,65.6056193697089,0
0,65.1378719266075,65.1378719266075,0
0,65.1735051233402,65.1735051233402,0
0,65.7618926864186,65.7618926864186,0
0,65.3598278794702,65.3598278794702,0
0,65.4855650413649,65.4855650413649,0
0,66.2205374753081,66.2205374753081,0
0,65.5535761281293,65.5535761281293,0
0,66.3594731015866,66.3594731015866,0
0,66.7068051776235,66.7068051776235,0
0,65.9880387489741,65.9880387489741,0
0,65.7398933437272,65.7398933437272,0
0,66.2396916732323,66.2396916732323,0
0,66.147134586506,66.147134586506,0
0,65.7298335659456,65.7298335659456,0
0,65.6785524173472,65.6785524173472,0
0,64.9469513822863,64.9469513822863,0
0,64.6856091604639,64.6856091604639,0
0,65.0239055992731,65.0239055992731,0
0,65.3407234554326,65.3407234554326,0
0,65.7071608564306,65.7071608564306,0
0,65.85323553207,65.85323553207,0
0,65.8201435951435,65.8201435951435,0
0,65.553896498506,65.553896498506,0
0,65.9268793044251,65.9268793044251,0
0,66.3911078449201,66.3911078449201,0
0,65.9758469582423,65.9758469582423,0
0,66.3366955884542,66.3366955884542,0
0,65.9864503885976,65.9864503885976,0
0,65.460403635796,65.460403635796,0
0,65.634110723203,65.634110723203,0
0,65.1738274574988,65.1738274574988,0
0,64.7016432091481,64.7016432091481,0
0,64.8919994194346,64.8919994194346,0
0,64.7227600289296,64.7227600289296,0
0,64.2523487941222,64.2523487941222,0
0,64.2127174762242,64.2127174762242,0
0,65.1297181599722,65.1297181599722,0
0,65.2623024615125,65.2623024615125,0
0,65.4856364363722,65.4856364363722,0
0,65.7531785311248,65.7531785311248,0
0,65.0347565699239,65.0347565699239,0
0,65.3466332434254,65.3466332434254,0
0,66.1041180201118,66.1041180201118,0
0,66.1362517142555,66.1362517142555,0
0,65.9252272914317,65.9252272914317,0
0,65.865499465876,65.865499465876,0
0,65.1863717115891,65.1863717115891,0
0,65.3159046810257,65.3159046810257,0
0,65.1472321239784,65.1472321239784,0
0,64.9715818569316,64.9715818569316,0
0,65.0372952274796,65.0372952274796,0
0,64.9231973077753,64.9231973077753,0
0,64.9792307291899,64.9792307291899,0
0,65.2711972696145,65.2711972696145,0
0,65.4456299945697,65.4456299945697,0
0,65.5935077087805,65.5935077087805,0
0,65.7203528466036,65.7203528466036,0
0,66.7455697471558,66.7455697471558,0
0,66.357358988034,66.357358988034,0
0,66.5034998605356,66.5034998605356,0
0,66.8876541495848,66.8876541495848,0
0,67.0120071407235,67.0120071407235,0
0,67.2849214370952,67.2849214370952,0
0,67.2736693215497,67.2736693215497,0
0,66.8833452677833,66.8833452677833,0
0,67.5206867871901,67.5206867871901,0
0,67.9173162101297,67.9173162101297,0
0,67.6879562164935,67.6879562164935,0
0,66.6192434728408,66.6192434728408,0
0,66.1278565505071,66.1278565505071,0
0,66.6594892348678,66.6594892348678,0
0,66.2673025724594,66.2673025724594,0
0,66.3047713391495,66.3047713391495,0
0,66.4409722158549,66.4409722158549,0
0,65.8191702942212,65.8191702942212,0
0,66.4350354962186,66.4350354962186,0
0,65.7146085403924,65.7146085403924,0
0,66.0452186829882,66.0452186829882,0
0,66.4594180741707,66.4594180741707,0
0,66.9274356665938,66.9274356665938,0
0,67.1126952346402,67.1126952346402,0
0,66.464095929264,66.464095929264,0
0,66.7632702216261,66.7632702216261,0
0,65.8593042401509,65.8593042401509,0
0,65.6293070825882,65.6293070825882,0
0,66.172686517927,66.172686517927,0
0,65.1854158056075,65.1854158056075,0
0,65.1010268220782,65.1010268220782,0
0,64.024179376611,64.024179376611,0
0,63.6862126481855,63.6862126481855,0
0,63.646797100254,63.646797100254,0
0,63.7831961268866,63.7831961268866,0
0,63.9161016621398,63.9161016621398,0
0,63.7497608507804,63.7497608507804,0
0,63.9843749804998,63.9843749804998,0
0,64.3269358288662,64.3269358288662,0
0,64.493584983664,64.493584983664,0
0,64.9563563153312,64.9563563153312,0
0,65.0678414307784,65.0678414307784,0
0,65.8526371191817,65.8526371191817,0
0,66.4113652784817,66.4113652784817,0
0,66.4065765051666,66.4065765051666,0
0,66.4823336440146,66.4823336440146,0
0,66.3229281169359,66.3229281169359,0
0,66.9025711786263,66.9025711786263,0
0,66.8195855150383,66.8195855150383,0
0,66.3331413320279,66.3331413320279,0
0,66.5171888102115,66.5171888102115,0
0,66.6419366234738,66.6419366234738,0
0,66.2612444497023,66.2612444497023,0
0,65.864186474312,65.864186474312,0
0,65.4861482873245,65.4861482873245,0
0,65.3920333789739,65.3920333789739,0
0,64.7106949045775,64.7106949045775,0
0,64.6034268406955,64.6034268406955,0
0,64.2799520375936,64.2799520375936,0
0,65.5328359172992,65.5328359172992,0
0,65.2099066489379,65.2099066489379,0
0,64.61432772671,64.61432772671,0
0,64.173770448091,64.173770448091,0
0,64.0089345460301,64.0089345460301,0
0,63.844273103295,63.844273103295,0
0,63.2365218521362,63.2365218521362,0
0,63.2996351674226,63.2996351674226,0
0,63.9712262476413,63.9712262476413,0
0,64.3079006627113,64.3079006627113,0
0,64.2224934150655,64.2224934150655,0
0,63.7448168001432,63.7448168001432,0
0,64.8133876011126,64.8133876011126,0
0,65.0815787965512,65.0815787965512,0
0,64.7953899310301,64.7953899310301,0
0,65.2117418102591,65.2117418102591,0
0,65.929674264729,65.929674264729,0
0,66.5593549451222,66.5593549451222,0
0,66.7271999135349,66.7271999135349,0
0,66.5665406305037,66.5665406305037,0
0,66.8949675971708,66.8949675971708,0
0,67.0020211453174,67.0020211453174,0
0,66.4690475409082,66.4690475409082,0
0,65.3055726414936,65.3055726414936,0
0,64.9969924920295,64.9969924920295,0
0,65.0394250299253,65.0394250299253,0
0,64.7544089591682,64.7544089591682,0
0,64.3598419226719,64.3598419226719,0
0,64.6454705900728,64.6454705900728,0
0,64.5290977565073,64.5290977565073,0
0,64.8548935127544,64.8548935127544,0
0,64.4289435179171,64.4289435179171,0
0,65.1777518652654,65.1777518652654,0
0,65.4161071265877,65.4161071265877,0
0,66.0242895693473,66.0242895693473,0
0,66.7885390822928,66.7885390822928,0
0,67.1545498557003,67.1545498557003,0
0,67.0709750630652,67.0709750630652,0
0,67.2524343690545,67.2524343690545,0
0,66.8251459326678,66.8251459326678,0
0,66.8301162563186,66.8301162563186,0
0,67.1005191566696,67.1005191566696,0
0,67.254507167228,67.254507167228,0
0,65.7950496791141,65.7950496791141,0
0,64.8815574759138,64.8815574759138,0
0,64.6140268326653,64.6140268326653,0
0,64.6670276036371,64.6670276036371,0
0,64.7451527913484,64.7451527913484,0
0,64.9469821252839,64.9469821252839,0
0,64.5816536672614,64.5816536672614,0
0,65.0634472716213,65.0634472716213,0
0,65.1022740359788,65.1022740359788,0
0,64.9627624456072,64.9627624456072,0
0,63.9712397992832,63.9712397992832,0
0,64.4889252253774,64.4889252253774,0
0,65.3482946344209,65.3482946344209,0
0,65.3431728534584,65.3431728534584,0
0,64.8295215019756,64.8295215019756,0
0,64.6202462582958,64.6202462582958,0
0,65.0672070046204,65.0672070046204,0
0,65.0258967744638,65.0258967744638,0
0,65.2190312507109,65.2190312507109,0
0,65.1808177445313,65.1808177445313,0
0,65.399432447249,65.399432447249,0
0,66.9653349884817,66.9653349884817,0
0,67.0832801280344,67.0832801280344,0
0,67.6126829854133,67.6126829854133,0
0,67.5480013261122,67.5480013261122,0
0,68.1892554499549,68.1892554499549,0
0,67.9863120895414,67.9863120895414,0
0,67.6792232009939,67.6792232009939,0
0,67.7938196067034,67.7938196067034,0
0,66.9897209615176,66.9897209615176,0
0,66.6062767862111,66.6062767862111,0
0,66.579298526822,66.579298526822,0
0,65.3735905518563,65.3735905518563,0
0,64.9592097079716,64.9592097079716,0
0,64.9131569658734,64.9131569658734,0
0,65.3690073449326,65.3690073449326,0
0,64.9497768767602,64.9497768767602,0
0,65.1173613519489,65.1173613519489,0
0,65.1113071956043,65.1113071956043,0
0,65.3567419758594,65.3567419758594,0
0,65.8456118701423,65.8456118701423,0
0,66.978433140172,66.978433140172,0
0,66.6426240380276,66.6426240380276,0
0,67.2113446422427,67.2113446422427,0
0,68.1286660770797,68.1286660770797,0
0,68.2479182063345,68.2479182063345,0
0,67.7589624390363,67.7589624390363,0
0,67.7014839323893,67.7014839323893,0
0,68.0158290488479,68.0158290488479,0
0,68.351847948228,68.351847948228,0
0,68.7330190602667,68.7330190602667,0
0,69.164626607919,69.164626607919,0
0,69.2895971699213,69.2895971699213,0
0,70.0148694942643,70.0148694942643,0
0,70.5380884016592,70.5380884016592,0
0,70.9523587653096,70.9523587653096,0
0,71.1661183232845,71.1661183232845,0
0,71.8016184109451,71.8016184109451,0
0,72.4016116150037,72.4016116150037,0
0,72.5011018047379,72.5011018047379,0
0,73.3349144659205,73.3349144659205,0
0,72.8807061489344,72.8807061489344,0
0,72.9945813893373,72.9945813893373,0
0,73.0910694173592,73.0910694173592,0
0,73.3736151808325,73.3736151808325,0
0,74.3503249093383,74.3503249093383,0
0,74.4600765947005,74.4600765947005,0
0,74.5002536751299,74.5002536751299,0
0,75.5472294685467,75.5472294685467,0
0,75.4675629829335,75.4675629829335,0
0,76.5910775840172,76.5910775840172,0
0,76.6435343931844,76.6435343931844,0
0,77.5666624805838,77.5666624805838,0
0,77.8499817560033,77.8499817560033,0
0,77.6922482462004,77.6922482462004,0
0,77.3237049752294,77.3237049752294,0
0,76.779559053755,76.779559053755,0
0,77.2700684537849,77.2700684537849,0
0,77.4657390547924,77.4657390547924,0
0,78.0285742271423,78.0285742271423,0
0,78.3427070351907,78.3427070351907,0
0,79.0822313816713,79.0822313816713,0
0,78.9286460999495,78.9286460999495,0
0,79.2564174091761,79.2564174091761,0
0,80.1136303701973,80.1136303701973,0
0,81.0896323154483,81.0896323154483,0
0,81.6093965781651,81.6093965781651,0
0,82.1378563204387,82.1378563204387,0
0,81.600927417233,81.600927417233,0
0,81.3598207460331,81.3598207460331,0
0,81.1270790919109,81.1270790919109,0
0,80.9079763685063,80.9079763685063,0
0,79.4883707028294,79.4883707028294,0
0,79.7538794204681,79.7538794204681,0
0,80.2340310673688,80.2340310673688,0
0,80.182147154235,80.182147154235,0
0,79.2480677961111,79.2480677961111,0
0,79.5150827018898,79.5150827018898,0
0,79.5132260809991,79.5132260809991,0
0,80.1985729587374,80.1985729587374,0
0,81.2842323249523,81.2842323249523,0
0,81.5554586367791,81.5554586367791,0
0,82.3955219191042,82.3955219191042,0
0,82.5840785619451,82.5840785619451,0
0,82.5561158160291,82.5561158160291,0
0,81.5345518689628,81.5345518689628,0
0,81.4706888859187,81.4706888859187,0
0,82.5176903017857,82.5176903017857,0
0,81.7407837578807,81.7407837578807,0
0,81.6787191999898,81.6787191999898,0
0,81.1503959601054,81.1503959601054,0
0,80.3733216893756,80.3733216893756,0
0,79.447291225696,79.447291225696,0
0,79.5204182390782,79.5204182390782,0
0,80.0819109710751,80.0819109710751,0
0,79.9693704151153,79.9693704151153,0
0,80.5379255946446,80.5379255946446,0
0,80.4161157757326,80.4161157757326,0
0,79.4755197321517,79.4755197321517,0
0,79.8613992528783,79.8613992528783,0
0,79.7858424849875,79.7858424849875,0
0,80.431512056998,80.431512056998,0
0,81.0105455993451,81.0105455993451,0
0,81.2612256445588,81.2612256445588,0
0,80.3491595232958,80.3491595232958,0
0,79.3928567971987,79.3928567971987,0
0,79.1000283332424,79.1000283332424,0
0,79.3330678464775,79.3330678464775,0
0,78.7802833512488,78.7802833512488,0
0,79.1649364313357,79.1649364313357,0
0,79.4990402646637,79.4990402646637,0
0,78.4873801454784,78.4873801454784,0
0,78.3614574156518,78.3614574156518,0
0,78.6218737668025,78.6218737668025,0
0,78.6443472099316,78.6443472099316,0
0,79.4474071665348,79.4474071665348,0
0,79.993800331516,79.993800331516,0
0,80.5179831516706,80.5179831516706,0
0,80.8578368800967,80.8578368800967,0
0,81.4951152350553,81.4951152350553,0
0,81.1471764445638,81.1471764445638,0
0,80.7104166541735,80.7104166541735,0
0,81.4757693266789,81.4757693266789,0
0,80.9453075495974,80.9453075495974,0
0,80.2059092441326,80.2059092441326,0
0,80.6385837898379,80.6385837898379,0
0,80.3488758957409,80.3488758957409,0
0,81.1634657065362,81.1634657065362,0
0,80.9208324715507,80.9208324715507,0
0,80.1203901318094,80.1203901318094,0
0,79.9216180289613,79.9216180289613,0
0,80.2919503147617,80.2919503147617,0
0,80.5531194723645,80.5531194723645,0
0,79.966786422218,79.966786422218,0
0,79.6421005800888,79.6421005800888,0
0,79.8542627404524,79.8542627404524,0
0,79.579225023146,79.579225023146,0
0,78.972037332001,78.972037332001,0
0,78.4154629799446,78.4154629799446,0
0,78.5907103056914,78.5907103056914,0
0,78.2085281429161,78.2085281429161,0
0,77.5673726096449,77.5673726096449,0
0,77.8105147611228,77.8105147611228,0
0,77.2560112047356,77.2560112047356,0
0,77.9396978191558,77.9396978191558,0
0,78.6468375400967,78.6468375400967,0
0,77.801511488123,77.801511488123,0
0,77.5577940867887,77.5577940867887,0
0,77.6494862683823,77.6494862683823,0
0,77.6309430297403,77.6309430297403,0
0,77.2952263585729,77.2952263585729,0
0,77.1253092879257,77.1253092879257,0
0,77.679609212198,77.679609212198,0
0,77.470420754622,77.470420754622,0
0,77.8612344308476,77.8612344308476,0
0,77.8893425070261,77.8893425070261,0
0,77.0887289088926,77.0887289088926,0
0,77.2846282251359,77.2846282251359,0
0,76.9369573258354,76.9369573258354,0
0,77.3132168011186,77.3132168011186,0
0,77.1112218934671,77.1112218934671,0
0,77.9296414578697,77.9296414578697,0
0,78.4900382663739,78.4900382663739,0
0,78.4878149152588,78.4878149152588,0
0,78.500050288763,78.500050288763,0
0,78.8647237531861,78.8647237531861,0
0,78.7738129483308,78.7738129483308,0
0,79.6953630565431,79.6953630565431,0
0,79.7486595470974,79.7486595470974,0
0,80.7419465486643,80.7419465486643,0
0,81.0473302629053,81.0473302629053,0
0,80.8621430990358,80.8621430990358,0
0,80.6161911468706,80.6161911468706,0
0,81.079702998679,81.079702998679,0
0,81.5052348770146,81.5052348770146,0
0,81.190952146599,81.190952146599,0
0,81.6576166687277,81.6576166687277,0
0,81.7109543850301,81.7109543850301,0
0,80.8041903991231,80.8041903991231,0
0,80.9667285809662,80.9667285809662,0
0,80.7508654788853,80.7508654788853,0
0,81.1596550027006,81.1596550027006,0
0,81.17245518646,81.17245518646,0
0,80.7728418370825,80.7728418370825,0
0,80.1582015548159,80.1582015548159,0
0,80.2379253492799,80.2379253492799,0
0,80.09360733405,80.09360733405,0
0,80.0070626809423,80.0070626809423,0
0,79.7190665172838,79.7190665172838,0
0,80.509794645557,80.509794645557,0
0,80.3352072204859,80.3352072204859,0
0,80.5455691727229,80.5455691727229,0
0,79.1780053438087,79.1780053438087,0
0,79.7119781205758,79.7119781205758,0
0,79.9111236161057,79.9111236161057,0
0,79.8702508902678,79.8702508902678,0
0,78.9010498261061,78.9010498261061,0
0,79.4310990844832,79.4310990844832,0
0,78.6178213554519,78.6178213554519,0
0,78.8230606878483,78.8230606878483,0
0,77.5753216050935,77.5753216050935,0
0,77.3046871228562,77.3046871228562,0
0,76.7579534387632,76.7579534387632,0
0,77.8881980081909,77.8881980081909,0
0,77.1854557858398,77.1854557858398,0
0,77.2485136058714,77.2485136058714,0
0,77.6731770037178,77.6731770037178,0
0,77.7713258317065,77.7713258317065,0
0,77.5178887268625,77.5178887268625,0
0,78.5953861724832,78.5953861724832,0
0,78.0802457813847,78.0802457813847,0
0,79.1748272176864,79.1748272176864,0
0,79.9157976602282,79.9157976602282,0
0,79.9893261608843,79.9893261608843,0
0,79.5444796130928,79.5444796130928,0
0,80.1513067311132,80.1513067311132,0
0,79.7653807825595,79.7653807825595,0
0,78.9396143540952,78.9396143540952,0
0,78.8658615125024,78.8658615125024,0
0,78.875570552569,78.875570552569,0
0,78.1260832836652,78.1260832836652,0
0,78.7355952958059,78.7355952958059,0
0,79.2536222601016,79.2536222601016,0
0,78.5265073006901,78.5265073006901,0
0,78.5655299113202,78.5655299113202,0
0,78.5295155417636,78.5295155417636,0
0,78.3346369711284,78.3346369711284,0
0,78.0984195450817,78.0984195450817,0
0,78.5570779093572,78.5570779093572,0
0,78.9126863177748,78.9126863177748,0
0,78.8987653940285,78.8987653940285,0
0,78.1757445862071,78.1757445862071,0
0,78.2035023591075,78.2035023591075,0
0,77.4489805237904,77.4489805237904,0
0,78.6051368917958,78.6051368917958,0
0,77.9203677574264,77.9203677574264,0
0,77.5629740256134,77.5629740256134,0
0,76.914989509132,76.914989509132,0
0,77.1061493284275,77.1061493284275,0
0,77.4512719679835,77.4512719679835,0
0,77.0149603680133,77.0149603680133,0
0,76.658456642608,76.658456642608,0
0,77.0863213952527,77.0863213952527,0
0,76.6974134907018,76.6974134907018,0
0,76.9499929419141,76.9499929419141,0
0,76.2937125226225,76.2937125226225,0
0,76.5121299854575,76.5121299854575,0
0,76.9899640940082,76.9899640940082,0
0,77.140118081221,77.140118081221,0
0,77.3676827203528,77.3676827203528,0
0,76.9804243341752,76.9804243341752,0
0,77.9196629894847,77.9196629894847,0
0,77.9184062239367,77.9184062239367,0
0,78.2205403825397,78.2205403825397,0
0,78.3812472940586,78.3812472940586,0
0,77.7274369888335,77.7274369888335,0
0,78.1029940173083,78.1029940173083,0
0,77.5823877121417,77.5823877121417,0
0,76.774504923264,76.774504923264,0
0,76.878507285452,76.878507285452,0
0,77.2087822322659,77.2087822322659,0
0,77.7059599661202,77.7059599661202,0
0,76.6193611062087,76.6193611062087,0
0,76.8643365809721,76.8643365809721,0
0,76.5418833865012,76.5418833865012,0
0,76.6601919556778,76.6601919556778,0
0,77.8360056312301,77.8360056312301,0
0,77.305965261369,77.305965261369,0
0,78.8226280640952,78.8226280640952,0
0,79.4080729403775,79.4080729403775,0
0,79.7091769672941,79.7091769672941,0
0,79.5424925605104,79.5424925605104,0
0,79.5205077375706,79.5205077375706,0
0,80.1203837304216,80.1203837304216,0
0,79.7431434746815,79.7431434746815,0
0,79.8243638177188,79.8243638177188,0
0,79.5022757997363,79.5022757997363,0
0,78.6527932463131,78.6527932463131,0
0,78.7340638238549,78.7340638238549,0
0,78.2517426835822,78.2517426835822,0
0,78.8005341806433,78.8005341806433,0
0,78.9721084306917,78.9721084306917,0
0,78.9806750653606,78.9806750653606,0
0,79.0215446491845,79.0215446491845,0
0,78.9925539048591,78.9925539048591,0
0,79.4263013673202,79.4263013673202,0
0,79.4989633777591,79.4989633777591,0
0,79.4176153961873,79.4176153961873,0
0,79.5178050718584,79.5178050718584,0
0,79.854836121173,79.854836121173,0
0,79.6471599636705,79.6471599636705,0
0,79.3688761358576,79.3688761358576,0
0,79.4608504245924,79.4608504245924,0
0,79.4860718497802,79.4860718497802,0
0,78.988055621849,78.988055621849,0
0,78.8799036970357,78.8799036970357,0
0,79.0325266048035,79.0325266048035,0
0,79.0595020098855,79.0595020098855,0
0,79.5225296214854,79.5225296214854,0
0,78.9649657150457,78.9649657150457,0
0,79.0288164794897,79.0288164794897,0
0,79.2151270599356,79.2151270599356,0
0,79.1038099208181,79.1038099208181,0
0,78.9312404666355,78.9312404666355,0
0,78.5147497619289,78.5147497619289,0
0,78.1071447675242,78.1071447675242,0
0,78.4892036453911,78.4892036453911,0
0,78.5879265158467,78.5879265158467,0
0,78.306121816074,78.306121816074,0
0,77.6639413256744,77.6639413256744,0
0,78.1100261700301,78.1100261700301,0
0,78.154764269779,78.154764269779,0
0,78.2543097410189,78.2543097410189,0
0,78.4165103763304,78.4165103763304,0
0,78.787796902048,78.787796902048,0
0,79.5350781325388,79.5350781325388,0
0,79.5340718235864,79.5340718235864,0
0,79.3251167043268,79.3251167043268,0
0,79.1038196079155,79.1038196079155,0
0,79.2467969680248,79.2467969680248,0
0,80.0375544645455,80.0375544645455,0
0,80.204268752589,80.204268752589,0
0,80.4183668490031,80.4183668490031,0
0,79.8050208606556,79.8050208606556,0
0,79.3553344292408,79.3553344292408,0
0,79.2649034522639,79.2649034522639,0
0,78.3749739581312,78.3749739581312,0
0,79.0260893094921,79.0260893094921,0
0,78.7408698685336,78.7408698685336,0
0,79.1470899050286,79.1470899050286,0
0,79.5581277870731,79.5581277870731,0
0,79.1671304128689,79.1671304128689,0
0,78.9463148893141,78.9463148893141,0
0,78.3950947234146,78.3950947234146,0
0,79.5896235394595,79.5896235394595,0
0,79.8804852683227,79.8804852683227,0
0,79.6758907727435,79.6758907727435,0
0,79.9240366112361,79.9240366112361,0
0,80.4073759296082,80.4073759296082,0
0,79.941073606458,79.941073606458,0
0,79.9348392725558,79.9348392725558,0
0,79.5229870357966,79.5229870357966,0
0,79.5577127369696,79.5577127369696,0
0,80.0012689154241,80.0012689154241,0
0,79.8031126144946,79.8031126144946,0
0,79.1012821372812,79.1012821372812,0
0,79.0623670063635,79.0623670063635,0
0,78.6123594387427,78.6123594387427,0
0,78.7083630534147,78.7083630534147,0
0,78.3478899786572,78.3478899786572,0
0,79.1315000782631,79.1315000782631,0
0,78.516680345851,78.516680345851,0
0,78.7215480813764,78.7215480813764,0
0,78.9885694709151,78.9885694709151,0
0,78.8925401486881,78.8925401486881,0
0,79.0330986731612,79.0330986731612,0
0,78.3980327478352,78.3980327478352,0
0,78.468698682849,78.468698682849,0
0,79.0109391632301,79.0109391632301,0
0,79.4098228599698,79.4098228599698,0
0,78.6199512431581,78.6199512431581,0
0,78.2266646208768,78.2266646208768,0
0,78.5248755965582,78.5248755965582,0
0,78.4517882291394,78.4517882291394,0
0,78.8974079935319,78.8974079935319,0
0,78.5494618373546,78.5494618373546,0
0,77.8348084351032,77.8348084351032,0
0,78.4987892037423,78.4987892037423,0
0,77.9004403415642,77.9004403415642,0
0,78.2311357181874,78.2311357181874,0
0,77.8454572816929,77.8454572816929,0
0,78.2607481308344,78.2607481308344,0
0,78.0462411495207,78.0462411495207,0
0,78.5455785907451,78.5455785907451,0
0,78.7027107049085,78.7027107049085,0
0,77.8548765369762,77.8548765369762,0
0,77.7673244718852,77.7673244718852,0
0,78.5464058288099,78.5464058288099,0
0,78.7499958918596,78.7499958918596,0
0,79.9122154282321,79.9122154282321,0
0,79.4860095506661,79.4860095506661,0
0,79.5156079491193,79.5156079491193,0
0,79.7714500358211,79.7714500358211,0
0,79.5676855453241,79.5676855453241,0
0,78.9995600157652,78.9995600157652,0
0,78.7394154289318,78.7394154289318,0
0,78.772636582783,78.772636582783,0
0,78.9681589794918,78.9681589794918,0
0,78.0392325716997,78.0392325716997,0
0,77.3616287582731,77.3616287582731,0
0,76.9762337559521,76.9762337559521,0
0,77.0235112100652,77.0235112100652,0
0,76.7110003553563,76.7110003553563,0
0,76.4907495498429,76.4907495498429,0
0,76.6916759741877,76.6916759741877,0
0,76.4029726871035,76.4029726871035,0
0,76.3729268694221,76.3729268694221,0
0,76.4558835343938,76.4558835343938,0
0,76.7112742854293,76.7112742854293,0
0,77.703299448968,77.703299448968,0
0,77.9302075013131,77.9302075013131,0
0,77.3812822132379,77.3812822132379,0
0,77.6793282264245,77.6793282264245,0
0,77.941989953107,77.941989953107,0
0,78.2605328739031,78.2605328739031,0
0,78.7169953272969,78.7169953272969,0
0,79.246761066235,79.246761066235,0
0,79.9824290223747,79.9824290223747,0
0,79.9114765194556,79.9114765194556,0
0,79.9127440558646,79.9127440558646,0
0,80.175433397712,80.175433397712,0
0,80.2245564409022,80.2245564409022,0
0,81.2013210252384,81.2013210252384,0
0,80.5547258617426,80.5547258617426,0
0,80.3364542164799,80.3364542164799,0
0,80.2007760612264,80.2007760612264,0
0,80.1703134525339,80.1703134525339,0
0,79.8548684583773,79.8548684583773,0
0,79.211699559088,79.211699559088,0
0,79.6951802803627,79.6951802803627,0
0,79.5406301701362,79.5406301701362,0
0,79.0859874937326,79.0859874937326,0
0,79.7454203759263,79.7454203759263,0
0,79.4711271577543,79.4711271577543,0
0,80.4006706301463,80.4006706301463,0
0,80.6413326198507,80.6413326198507,0
0,81.3619012847999,81.3619012847999,0
0,81.7588461782727,81.7588461782727,0
0,81.3017957257015,81.3017957257015,0
0,81.1236750447264,81.1236750447264,0
0,81.1360123971902,81.1360123971902,0
0,81.2133962726407,81.2133962726407,0
0,81.5376966864637,81.5376966864637,0
0,81.4087527283597,81.4087527283597,0
0,81.7685377295835,81.7685377295835,0
0,81.4725437423564,81.4725437423564,0
0,81.6072719759333,81.6072719759333,0
0,81.8045673395939,81.8045673395939,0
0,81.5653370419021,81.5653370419021,0
0,82.116391708228,82.116391708228,0
0,82.4281855076633,82.4281855076633,0
0,82.0493747362627,82.0493747362627,0
0,82.1909076210891,82.1909076210891,0
0,82.0129369662342,82.0129369662342,0
0,81.0668658881556,81.0668658881556,0
0,80.0998344956313,80.0998344956313,0
0,80.1775168829365,80.1775168829365,0
0,80.5697138350772,80.5697138350772,0
0,80.2638824984656,80.2638824984656,0
0,81.1207483579757,81.1207483579757,0
0,80.9549747671115,80.9549747671115,0
0,81.6851416303159,81.6851416303159,0
0,82.0220873619573,82.0220873619573,0
0,81.8889379886188,81.8889379886188,0
0,82.0984457759585,82.0984457759585,0
0,83.1105119040503,83.1105119040503,0
0,83.845938508806,83.845938508806,0
0,83.144170204478,83.144170204478,0
0,83.2002656348589,83.2002656348589,0
0,83.1540630847866,83.1540630847866,0
0,82.3603752205585,82.3603752205585,0
0,82.48326076096,82.48326076096,0
0,81.8324242714445,81.8324242714445,0
0,81.4621153776795,81.4621153776795,0
0,81.6901512075416,81.6901512075416,0
0,81.7861756929095,81.7861756929095,0
0,81.4531392925665,81.4531392925665,0
0,81.3858012657725,81.3858012657725,0
0,81.9852596890105,81.9852596890105,0
0,81.1201938289198,81.1201938289198,0
0,80.7008037850632,80.7008037850632,0
0,80.6721160306256,80.6721160306256,0
0,80.4873865259054,80.4873865259054,0
0,81.1266682881976,81.1266682881976,0
0,80.8705525444288,80.8705525444288,0
0,81.0958836194465,81.0958836194465,0
0,81.1862826759449,81.1862826759449,0
0,81.2209819561705,81.2209819561705,0
0,81.4149918099805,81.4149918099805,0
0,81.453804157347,81.453804157347,0
0,81.9978177221411,81.9978177221411,0
0,81.936212483225,81.936212483225,0
0,82.5364942603589,82.5364942603589,0
0,83.5013561841116,83.5013561841116,0
0,83.4615568308155,83.4615568308155,0
0,84.4224535834863,84.4224535834863,0
0,84.5568947816092,84.5568947816092,0
0,84.9281546751487,84.9281546751487,0
0,85.2197050403014,85.2197050403014,0
0,85.2430725632583,85.2430725632583,0
0,85.1298039026788,85.1298039026788,0
0,85.2410979795409,85.2410979795409,0
0,85.7490790720352,85.7490790720352,0
0,85.119057092278,85.119057092278,0
0,84.7784405533757,84.7784405533757,0
0,84.470796757701,84.470796757701,0
0,84.7033924996571,84.7033924996571,0
0,84.5959793157856,84.5959793157856,0
0,84.708060348554,84.708060348554,0
0,84.7554241093273,84.7554241093273,0
0,84.8503545917608,84.8503545917608,0
0,85.0246489422741,85.0246489422741,0
0,85.0147997757223,85.0147997757223,0
0,84.5671277364733,84.5671277364733,0
0,84.9102150802663,84.9102150802663,0
0,85.9301188967958,85.9301188967958,0
0,85.9865686369335,85.9865686369335,0
0,85.4994834431,85.4994834431,0
0,85.5892463201787,85.5892463201787,0
0,84.6257624179716,84.6257624179716,0
0,84.7528498526195,84.7528498526195,0
0,84.0610645192954,84.0610645192954,0
0,84.2363097263001,84.2363097263001,0
0,84.235295433665,84.235295433665,0
0,84.3687377211918,84.3687377211918,0
0,83.9227925705717,83.9227925705717,0
0,82.9363366582176,82.9363366582176,0
0,83.2177094980003,83.2177094980003,0
0,83.3909617067437,83.3909617067437,0
0,83.4936968159158,83.4936968159158,0
0,83.4666642253274,83.4666642253274,0
0,82.9918886770455,82.9918886770455,0
0,82.7222736302974,82.7222736302974,0
0,82.4649303111096,82.4649303111096,0
0,82.4494469096033,82.4494469096033,0
0,82.0927123575281,82.0927123575281,0
0,82.6601052605413,82.6601052605413,0
0,82.2190389451773,82.2190389451773,0
0,81.9040683414737,81.9040683414737,0
0,81.3978714802988,81.3978714802988,0
0,80.4951774698239,80.4951774698239,0
0,80.5536847992208,80.5536847992208,0
0,79.8708575810161,79.8708575810161,0
0,80.6791962561566,80.6791962561566,0
0,79.6023797140747,79.6023797140747,0
0,78.7701082721359,78.7701082721359,0
0,78.1434692959494,78.1434692959494,0
0,77.0240253255937,77.0240253255937,0
0,76.0051049790688,76.0051049790688,0
0,75.7723256713859,75.7723256713859,0
0,75.672988908634,75.672988908634,0
0,75.336060652837,75.336060652837,0
0,74.8880279861975,74.8880279861975,0
0,74.6704727912916,74.6704727912916,0
0,73.7768135565365,73.7768135565365,0
0,73.6452044713778,73.6452044713778,0
0,73.9481571964843,73.9481571964843,0
0,74.3160069481448,74.3160069481448,0
0,74.3722205042846,74.3722205042846,0
0,75.2702515736064,75.2702515736064,0
0,74.8884168050841,74.8884168050841,0
0,74.4612823745571,74.4612823745571,0
0,74.5344003400821,74.5344003400821,0
0,74.6455197801444,74.6455197801444,0
0,74.5933696910481,74.5933696910481,0
0,74.7820571261302,74.7820571261302,0
0,75.6029328881025,75.6029328881025,0
0,75.1939282894577,75.1939282894577,0
0,74.577425390679,74.577425390679,0
0,73.9980997991616,73.9980997991616,0
0,73.5652361189843,73.5652361189843,0
0,73.0526821657516,73.0526821657516,0
0,72.5774966286819,72.5774966286819,0
0,72.2874666367672,72.2874666367672,0
0,71.5929037082474,71.5929037082474,0
0,71.597534901978,71.597534901978,0
0,70.3423166110868,70.3423166110868,0
0,68.7683480657746,68.7683480657746,0
0,68.3682855850117,68.3682855850117,0
0,68.0860849232404,68.0860849232404,0
0,68.729075033458,68.729075033458,0
0,68.8343060489465,68.8343060489465,0
0,68.4450418254092,68.4450418254092,0
0,68.151980895016,68.151980895016,0
0,67.8526800106215,67.8526800106215,0
0,68.030471054521,68.030471054521,0
0,68.318570891694,68.318570891694,0
0,68.7215257037608,68.7215257037608,0
0,70.0037300767747,70.0037300767747,0
0,70.5646260041357,70.5646260041357,0
0,71.875446038104,71.875446038104,0
0,71.3493543652197,71.3493543652197,0
0,70.8741300395189,70.8741300395189,0
0,71.8570575369118,71.8570575369118,0
0,72.1474409089028,72.1474409089028,0
0,71.7942101805521,71.7942101805521,0
0,72.1194379794097,72.1194379794097,0
0,71.9880620754449,71.9880620754449,0
0,72.1476135728459,72.1476135728459,0
0,71.7705024125449,71.7705024125449,0
0,71.0347702376067,71.0347702376067,0
0,70.9276054187875,70.9276054187875,0
0,71.3023306125175,71.3023306125175,0
0,71.4536170889958,71.4536170889958,0
0,71.1889431581864,71.1889431581864,0
0,71.9041517580515,71.9041517580515,0
0,72.3388887002106,72.3388887002106,0
0,72.5572005612808,72.5572005612808,0
0,72.3876288308136,72.3876288308136,0
0,73.2482430756694,73.2482430756694,0
0,73.5768357314917,73.5768357314917,0
0,73.794393065336,73.794393065336,0
0,73.2796532140198,73.2796532140198,0
0,73.4732754641495,73.4732754641495,0
0,74.4932959252217,74.4932959252217,0
0,74.4759507124976,74.4759507124976,0
0,74.4976245937234,74.4976245937234,0
0,75.3890963067249,75.3890963067249,0
0,75.5986953017129,75.5986953017129,0
0,75.5701209859906,75.5701209859906,0
0,75.0411709283197,75.0411709283197,0
0,74.8465987135952,74.8465987135952,0
0,75.5569263222475,75.5569263222475,0
0,76.1938421431927,76.1938421431927,0
0,76.0848874002679,76.0848874002679,0
0,75.7641997894122,75.7641997894122,0
0,75.5370797036602,75.5370797036602,0
0,75.409392000619,75.409392000619,0
0,74.9374691039438,74.9374691039438,0
0,75.3200051415236,75.3200051415236,0
0,75.7100205899916,75.7100205899916,0
0,76.0121624384539,76.0121624384539,0
0,76.0965781239955,76.0965781239955,0
0,75.60264873648,75.60264873648,0
0,75.1709736499226,75.1709736499226,0
0,74.8553864486896,74.8553864486896,0
0,73.9749532322274,73.9749532322274,0
0,74.05999120655,74.05999120655,0
0,74.5008318793737,74.5008318793737,0
0,74.3669452788357,74.3669452788357,0
0,73.8204312186081,73.8204312186081,0
0,73.4551608803781,73.4551608803781,0
0,72.4236244147788,72.4236244147788,0
0,72.4818755786998,72.4818755786998,0
0,73.2230024365209,73.2230024365209,0
0,72.9071343248512,72.9071343248512,0
0,72.7291320316983,72.7291320316983,0
0,72.8008577957953,72.8008577957953,0
0,72.983907625995,72.983907625995,0
0,72.2469278835097,72.2469278835097,0
0,72.6853890195467,72.6853890195467,0
0,72.4738512997584,72.4738512997584,0
0,71.9133426719654,71.9133426719654,0
0,72.4212625757617,72.4212625757617,0
0,72.6201617475976,72.6201617475976,0
0,72.3488174803142,72.3488174803142,0
0,72.8733663058605,72.8733663058605,0
0,73.5876223721495,73.5876223721495,0
0,74.272882101471,74.272882101471,0
0,74.7723513173616,74.7723513173616,0
0,75.4176813268006,75.4176813268006,0
0,75.1095776047936,75.1095776047936,0
0,75.014829368781,75.014829368781,0
0,75.6166286469225,75.6166286469225,0
0,75.9916494680094,75.9916494680094,0
0,76.144696862435,76.144696862435,0
0,75.6869557572441,75.6869557572441,0
0,75.7492439962568,75.7492439962568,0
0,75.1381370450606,75.1381370450606,0
0,74.5945098302885,74.5945098302885,0
0,73.7992886713519,73.7992886713519,0
0,73.0429425581235,73.0429425581235,0
0,73.2989937716615,73.2989937716615,0
0,73.4281320078951,73.4281320078951,0
0,74.2016544669703,74.2016544669703,0
0,73.993565831726,73.993565831726,0
0,74.250390101262,74.250390101262,0
0,73.5140654815249,73.5140654815249,0
0,73.1218518095188,73.1218518095188,0
0,73.4649483734782,73.4649483734782,0
0,74.2770241776493,74.2770241776493,0
0,74.4691112745959,74.4691112745959,0
0,75.2588526866727,75.2588526866727,0
0,75.530415430712,75.530415430712,0
0,75.2705042513909,75.2705042513909,0
0,74.0863591171763,74.0863591171763,0
0,74.2359725939138,74.2359725939138,0
0,73.1492150752122,73.1492150752122,0
0,73.762620156822,73.762620156822,0
0,73.2558249649205,73.2558249649205,0
0,72.9956427128503,72.9956427128503,0
0,72.3273100230275,72.3273100230275,0
0,72.27143863052,72.27143863052,0
0,71.4890200124512,71.4890200124512,0
0,70.2924677619562,70.2924677619562,0
0,69.9981042571623,69.9981042571623,0
0,70.2949701051424,70.2949701051424,0
0,69.0327630788414,69.0327630788414,0
0,68.7066478887396,68.7066478887396,0
0,68.0333851272667,68.0333851272667,0
0,67.9488580910132,67.9488580910132,0
0,67.930243814551,67.930243814551,0
0,68.4034623344917,68.4034623344917,0
0,68.0298317517354,68.0298317517354,0
0,67.4994297534515,67.4994297534515,0
0,67.5699615226501,67.5699615226501,0
0,67.9414867536362,67.9414867536362,0
0,68.1412208678784,68.1412208678784,0
0,68.7156190152244,68.7156190152244,0
0,69.1272562806237,69.1272562806237,0
0,70.1085702967018,70.1085702967018,0
0,70.3470010971059,70.3470010971059,0
0,70.2688656807471,70.2688656807471,0
0,69.4126359452014,69.4126359452014,0
0,69.3710909146277,69.3710909146277,0
0,70.2124696556433,70.2124696556433,0
0,70.3087827334768,70.3087827334768,0
0,70.268754540065,70.268754540065,0
0,69.6952974112513,69.6952974112513,0
0,70.1929619166277,70.1929619166277,0
0,70.4018585528297,70.4018585528297,0
0,70.257800200039,70.257800200039,0
0,70.2788908138944,70.2788908138944,0
0,70.0968401281932,70.0968401281932,0
0,70.276495520218,70.276495520218,0
0,70.0517097033788,70.0517097033788,0
0,69.6447875639434,69.6447875639434,0
0,70.6914325089135,70.6914325089135,0
0,71.3442687621771,71.3442687621771,0
0,72.0558490793224,72.0558490793224,0
0,72.050813796962,72.050813796962,0
0,72.2992133823782,72.2992133823782,0
0,72.3263584434313,72.3263584434313,0
0,72.6992535330783,72.6992535330783,0
0,73.4132033905816,73.4132033905816,0
0,73.133093819921,73.133093819921,0
0,73.5561447235078,73.5561447235078,0
0,73.7099807502839,73.7099807502839,0
0,72.7657527159618,72.7657527159618,0
0,71.8871707756985,71.8871707756985,0
0,72.0685601361809,72.0685601361809,0
0,72.1899235742784,72.1899235742784,0
0,71.6321533333227,71.6321533333227,0
0,71.174344547231,71.174344547231,0
0,71.0359231146923,71.0359231146923,0
0,70.4111963546781,70.4111963546781,0
0,70.3740156148748,70.3740156148748,0
0,70.3749880555318,70.3749880555318,0
0,70.1105532112788,70.1105532112788,0
0,70.6111884338489,70.6111884338489,0
0,71.7616578780907,71.7616578780907,0
0,70.7371276234942,70.7371276234942,0
0,70.7905560170203,70.7905560170203,0
0,71.2405574638678,71.2405574638678,0
0,71.3013171588292,71.3013171588292,0
0,71.47557968695,71.47557968695,0
0,71.3980396609793,71.3980396609793,0
0,71.1533582275865,71.1533582275865,0
0,70.8403137466286,70.8403137466286,0
0,71.3188078945112,71.3188078945112,0
0,71.1521397027611,71.1521397027611,0
0,70.6858616248845,70.6858616248845,0
0,71.4267390700626,71.4267390700626,0
0,71.5556321457158,71.5556321457158,0
0,70.6985814280356,70.6985814280356,0
0,70.8609762437218,70.8609762437218,0
0,70.3782020821156,70.3782020821156,0
0,70.6391789390935,70.6391789390935,0
0,71.6282498263864,71.6282498263864,0
0,71.7487194624579,71.7487194624579,0
0,71.5983931768423,71.5983931768423,0
0,70.7555618176733,70.7555618176733,0
0,70.0498721096801,70.0498721096801,0
0,70.1614449497007,70.1614449497007,0
0,69.0808725117009,69.0808725117009,0
0,70.2212114418315,70.2212114418315,0
0,70.124017537093,70.124017537093,0
0,70.3987867419957,70.3987867419957,0
0,69.9794332600169,69.9794332600169,0
0,69.8389442852931,69.8389442852931,0
0,70.0376720487698,70.0376720487698,0
0,70.3460975813775,70.3460975813775,0
0,70.7769460735235,70.7769460735235,0
0,70.7979709801281,70.7979709801281,0
0,70.1713895332588,70.1713895332588,0
0,71.4160532204114,71.4160532204114,0
0,70.773039087908,70.773039087908,0
0,70.3410319891812,70.3410319891812,0
0,70.4392199996055,70.4392199996055,0
0,70.8050086407631,70.8050086407631,0
0,70.3744105708024,70.3744105708024,0
0,70.5132448944574,70.5132448944574,0
0,70.3547736287429,70.3547736287429,0
0,70.2988332842484,70.2988332842484,0
0,70.5706041414646,70.5706041414646,0
0,70.7059416900004,70.7059416900004,0
0,69.8074718584818,69.8074718584818,0
0,70.0720254641003,70.0720254641003,0
0,70.8683952865879,70.8683952865879,0
0,70.0641238491501,70.0641238491501,0
0,70.440501616127,70.440501616127,0
0,70.6198842658515,70.6198842658515,0
0,70.3673184167064,70.3673184167064,0
0,69.5227409621657,69.5227409621657,0
0,69.6689469187594,69.6689469187594,0
0,69.6260659374946,69.6260659374946,0
0,69.7919851198547,69.7919851198547,0
0,69.8649560008564,69.8649560008564,0
0,70.0449438159124,70.0449438159124,0
0,70.3614858500108,70.3614858500108,0
0,71.2887572829209,71.2887572829209,0
0,70.8499595521665,70.8499595521665,0
0,70.937639185413,70.937639185413,0
0,71.1803304743657,71.1803304743657,0
0,71.5309372399932,71.5309372399932,0
0,71.6280390097602,71.6280390097602,0
0,71.4568044028841,71.4568044028841,0
0,71.4515433901889,71.4515433901889,0
0,72.1660810869913,72.1660810869913,0
0,71.7923183870986,71.7923183870986,0
0,71.0139112957413,71.0139112957413,0
0,71.0802327985149,71.0802327985149,0
0,71.4840118174278,71.4840118174278,0
0,71.2084232668434,71.2084232668434,0
0,70.8317438997553,70.8317438997553,0
0,71.5472286986265,71.5472286986265,0
0,71.5698021002128,71.5698021002128,0
0,71.8391775622503,71.8391775622503,0
0,71.9306853452252,71.9306853452252,0
0,71.1454414112592,71.1454414112592,0
0,71.5696557334963,71.5696557334963,0
0,72.6174554865865,72.6174554865865,0
0,71.2679436918094,71.2679436918094,0
0,71.0263748355142,71.0263748355142,0
0,71.5323605380778,71.5323605380778,0
0,71.5139956963836,71.5139956963836,0
0,71.0615943966538,71.0615943966538,0
0,71.1141030697595,71.1141030697595,0
0,70.8486020386849,70.8486020386849,0
0,70.9805484758397,70.9805484758397,0
0,71.6279854811954,71.6279854811954,0
0,71.3390873694537,71.3390873694537,0
0,70.6600182007044,70.6600182007044,0
0,71.3312568401367,71.3312568401367,0
0,71.6458037293195,71.6458037293195,0
0,71.2838780004623,71.2838780004623,0
0,71.7093675908546,71.7093675908546,0
0,72.0856438008742,72.0856438008742,0
0,71.9282051664308,71.9282051664308,0
0,72.073518687131,72.073518687131,0
0,71.8657316611526,71.8657316611526,0
0,71.3733717842305,71.3733717842305,0
0,70.8607626520256,70.8607626520256,0
0,70.9000856115386,70.9000856115386,0
0,70.587541623835,70.587541623835,0
0,70.088414319789,70.088414319789,0
0,69.6219361859145,69.6219361859145,0
0,69.9064761657651,69.9064761657651,0
0,69.5177765636156,69.5177765636156,0
0,69.7750882200981,69.7750882200981,0
0,69.742772187951,69.742772187951,0
0,70.253440294947,70.253440294947,0
0,70.1873017218243,70.1873017218243,0
0,71.0231399369406,71.0231399369406,0
0,71.2578312653411,71.2578312653411,0
0,71.5795904711844,71.5795904711844,0
0,71.8390546374524,71.8390546374524,0
0,72.3742907980032,72.3742907980032,0
0,72.6583209680356,72.6583209680356,0
0,72.2859677478095,72.2859677478095,0
0,71.5711731782381,71.5711731782381,0
0,71.7640809287008,71.7640809287008,0
0,70.8714328660504,70.8714328660504,0
0,70.7938502905393,70.7938502905393,0
0,70.4933378745863,70.4933378745863,0
0,69.6267579506221,69.6267579506221,0
0,70.1570623969281,70.1570623969281,0
0,70.132763048248,70.132763048248,0
0,70.5608696825791,70.5608696825791,0
0,69.7075713136936,69.7075713136936,0
0,70.3581833326019,70.3581833326019,0
0,70.5175858572838,70.5175858572838,0
0,70.4975626200677,70.4975626200677,0
0,71.2285305060428,71.2285305060428,0
0,71.2179344642717,71.2179344642717,0
0,71.1436082719379,71.1436082719379,0
0,72.1659457990186,72.1659457990186,0
0,71.5327469025409,71.5327469025409,0
0,71.0094019048811,71.0094019048811,0
0,70.8432213912425,70.8432213912425,0
0,70.9408351820162,70.9408351820162,0
0,70.2374723103036,70.2374723103036,0
0,70.3024282283736,70.3024282283736,0
0,70.3227699198912,70.3227699198912,0
0,70.0021609787787,70.0021609787787,0
0,70.0877049846544,70.0877049846544,0
0,70.1201616549742,70.1201616549742,0
0,69.7340049769625,69.7340049769625,0
0,69.7357272905331,69.7357272905331,0
0,69.9916995445243,69.9916995445243,0
0,69.4005958046007,69.4005958046007,0
0,69.8526052478669,69.8526052478669,0
0,69.7708276511852,69.7708276511852,0
0,70.6152331813739,70.6152331813739,0
0,70.2751999595805,70.2751999595805,0
0,70.1657510183423,70.1657510183423,0
0,70.5950474665315,70.5950474665315,0
0,70.7516117226163,70.7516117226163,0
0,70.425007376741,70.425007376741,0
0,70.9766539902739,70.9766539902739,0
0,70.6766159209087,70.6766159209087,0
0,71.4050977947783,71.4050977947783,0
0,71.3462753847205,71.3462753847205,0
0,71.7994907049506,71.7994907049506,0
0,71.3883704531858,71.3883704531858,0
0,71.932089626899,71.932089626899,0
0,71.8285417786878,71.8285417786878,0
0,71.6946346435914,71.6946346435914,0
0,71.6842658720292,71.6842658720292,0
0,71.9368448902059,71.9368448902059,0
0,71.1454107947606,71.1454107947606,0
0,71.4449071839516,71.4449071839516,0
0,70.2956236144564,70.2956236144564,0
0,69.7759516267904,69.7759516267904,0
0,69.5132522775053,69.5132522775053,0
0,69.359937893965,69.359937893965,0
0,69.1742988820455,69.1742988820455,0
0,69.600294419209,69.600294419209,0
0,69.3918983337776,69.3918983337776,0
0,69.1991047599643,69.1991047599643,0
0,69.4488300395437,69.4488300395437,0
0,70.4088989702636,70.4088989702636,0
0,70.6121618363334,70.6121618363334,0
0,71.595240649945,71.595240649945,0
0,71.4709012537525,71.4709012537525,0
0,72.2813361932834,72.2813361932834,0
0,72.0704949137695,72.0704949137695,0
0,71.6558820849183,71.6558820849183,0
0,71.5322484223203,71.5322484223203,0
0,71.5330709071548,71.5330709071548,0
0,70.943273301391,70.943273301391,0
0,70.9384371737575,70.9384371737575,0
0,70.7082279965304,70.7082279965304,0
0,71.1881723969154,71.1881723969154,0
0,70.9886705486005,70.9886705486005,0
0,71.489496920245,71.489496920245,0
0,70.5551744434657,70.5551744434657,0
0,71.4407186093975,71.4407186093975,0
0,72.5401664105321,72.5401664105321,0
0,72.2379397014287,72.2379397014287,0
0,72.0374342233715,72.0374342233715,0
0,72.9517538009352,72.9517538009352,0
0,72.2129095023884,72.2129095023884,0
0,72.0553307493774,72.0553307493774,0
0,71.4697684750622,71.4697684750622,0
0,71.6809687509677,71.6809687509677,0
0,70.7810641957874,70.7810641957874,0
0,71.2421901217918,71.2421901217918,0
0,70.7100306265017,70.7100306265017,0
0,69.2978882235482,69.2978882235482,0
0,69.3915964364927,69.3915964364927,0
0,69.8625316146719,69.8625316146719,0
0,69.0860994523237,69.0860994523237,0
0,69.3827525227567,69.3827525227567,0
0,69.3943963467451,69.3943963467451,0
0,69.2464270645628,69.2464270645628,0
0,69.4825316929483,69.4825316929483,0
0,70.4013612490236,70.4013612490236,0
0,70.1280636305435,70.1280636305435,0
0,70.1185096999549,70.1185096999549,0
0,71.0849760761274,71.0849760761274,0
0,71.1894622585372,71.1894622585372,0
0,71.1269545810998,71.1269545810998,0
0,71.7485150448729,71.7485150448729,0
0,72.0586265406729,72.0586265406729,0
0,71.4871134847191,71.4871134847191,0
0,71.3906889268174,71.3906889268174,0
0,70.6848455487102,70.6848455487102,0
0,69.8283247139556,69.8283247139556,0
0,69.5063373043227,69.5063373043227,0
0,69.4789594962706,69.4789594962706,0
0,69.1780624731528,69.1780624731528,0
0,69.3781237147488,69.3781237147488,0
0,69.2790206911931,69.2790206911931,0
0,68.7590075694957,68.7590075694957,0
0,68.4654941398581,68.4654941398581,0
0,68.6431921955638,68.6431921955638,0
0,69.1472855692599,69.1472855692599,0
0,68.7213318120289,68.7213318120289,0
0,69.5473261099105,69.5473261099105,0
0,70.1827517697548,70.1827517697548,0
0,70.3061007817722,70.3061007817722,0
0,69.9622591807719,69.9622591807719,0
0,69.6908549690197,69.6908549690197,0
0,69.529434945875,69.529434945875,0
0,69.2489417635031,69.2489417635031,0
0,69.4024373883928,69.4024373883928,0
0,69.7940371063179,69.7940371063179,0
0,69.236430802035,69.236430802035,0
0,70.1896641995318,70.1896641995318,0
0,69.2888490437274,69.2888490437274,0
0,68.9840196614462,68.9840196614462,0
0,68.5955344892958,68.5955344892958,0
0,68.5684620928702,68.5684620928702,0
0,68.2978200076364,68.2978200076364,0
0,68.5137907233553,68.5137907233553,0
0,68.7772763782343,68.7772763782343,0
0,68.676011815778,68.676011815778,0
0,68.4084448087314,68.4084448087314,0
0,68.643736554451,68.643736554451,0
0,68.8990941635194,68.8990941635194,0
0,69.334435593984,69.334435593984,0
0,69.7928459294367,69.7928459294367,0
0,69.9474076353789,69.9474076353789,0
0,70.2018617628273,70.2018617628273,0
0,69.7554105130457,69.7554105130457,0
0,69.9034896231897,69.9034896231897,0
0,70.2113234353424,70.2113234353424,0
0,70.0090113565108,70.0090113565108,0
0,70.1607160435214,70.1607160435214,0
0,70.1811926711554,70.1811926711554,0
0,70.1831364968639,70.1831364968639,0
0,70.04725777816,70.04725777816,0
0,69.630434244776,69.630434244776,0
0,69.8178719151378,69.8178719151378,0
0,70.5892388569874,70.5892388569874,0
0,71.5156236384266,71.5156236384266,0
0,71.7723791147775,71.7723791147775,0
0,72.2439880601339,72.2439880601339,0
0,72.9190083380239,72.9190083380239,0
0,73.63451095275,73.63451095275,0
0,74.7495333181323,74.7495333181323,0
0,74.4519185002791,74.4519185002791,0
0,75.0106096860031,75.0106096860031,0
0,75.5300511461742,75.5300511461742,0
0,75.5701237682251,75.5701237682251,0
0,74.3339178350379,74.3339178350379,0
0,74.3710788642211,74.3710788642211,0
0,74.1728303276695,74.1728303276695,0
0,73.8749326018721,73.8749326018721,0
0,73.6026359727875,73.6026359727875,0
0,73.6030281502536,73.6030281502536,0
0,72.8295593459205,72.8295593459205,0
0,72.7319215808183,72.7319215808183,0
0,72.5458014580556,72.5458014580556,0
0,72.2158928912738,72.2158928912738,0
0,72.2073817298556,72.2073817298556,0
0,72.9740410955498,72.9740410955498,0
0,73.0788624278594,73.0788624278594,0
0,73.5224746350724,73.5224746350724,0
0,74.0590895737675,74.0590895737675,0
0,73.6667126550586,73.6667126550586,0
0,73.7976021114448,73.7976021114448,0
0,73.3846558229441,73.3846558229441,0
0,74.2448207266974,74.2448207266974,0
0,74.5105128454973,74.5105128454973,0
0,74.5269518849368,74.5269518849368,0
0,73.845311482761,73.845311482761,0
0,73.6501339334545,73.6501339334545,0
0,74.0388830045683,74.0388830045683,0
0,73.3253126014526,73.3253126014526,0
0,72.6983018374693,72.6983018374693,0
0,72.6585066268396,72.6585066268396,0
0,71.6476717058635,71.6476717058635,0
0,71.7895180085177,71.7895180085177,0
0,71.0256262663822,71.0256262663822,0
0,70.2424055552305,70.2424055552305,0
0,70.6207178330733,70.6207178330733,0
0,71.1473670349033,71.1473670349033,0
0,71.5559743811475,71.5559743811475,0
0,71.0135477585185,71.0135477585185,0
0,70.9930709576833,70.9930709576833,0
0,71.3107888185931,71.3107888185931,0
0,71.9269650974521,71.9269650974521,0
0,73.0221816985052,73.0221816985052,0
0,72.7667864227829,72.7667864227829,0
0,72.3990737262822,72.3990737262822,0
0,72.6924768112084,72.6924768112084,0
0,72.2716515691826,72.2716515691826,0
0,72.2723263049658,72.2723263049658,0
0,71.8531742945868,71.8531742945868,0
0,71.7053189914557,71.7053189914557,0
0,71.694792511331,71.694792511331,0
0,71.4499672834816,71.4499672834816,0
0,71.4300381641342,71.4300381641342,0
0,71.1169992734621,71.1169992734621,0
0,71.4380331448618,71.4380331448618,0
0,72.3068623907248,72.3068623907248,0
0,73.0246358435863,73.0246358435863,0
0,73.6361303756482,73.6361303756482,0
0,73.4647922518989,73.4647922518989,0
0,72.9778409807489,72.9778409807489,0
0,73.2452192378036,73.2452192378036,0
0,73.534179190534,73.534179190534,0
0,73.0248585484372,73.0248585484372,0
0,72.3620801340883,72.3620801340883,0
0,72.0985502449074,72.0985502449074,0
0,72.5816918252741,72.5816918252741,0
0,72.4161940364839,72.4161940364839,0
0,71.7934000884763,71.7934000884763,0
0,71.5760142804975,71.5760142804975,0
0,72.1214706186348,72.1214706186348,0
0,72.7354814445254,72.7354814445254,0
0,72.2503745842272,72.2503745842272,0
0,71.7386649721798,71.7386649721798,0
0,72.56889373614,72.56889373614,0
0,72.4880493356479,72.4880493356479,0
0,72.252165332083,72.252165332083,0
0,71.9305729993238,71.9305729993238,0
0,71.8268976660139,71.8268976660139,0
0,72.0058206203841,72.0058206203841,0
0,71.3003962070961,71.3003962070961,0
0,71.1923020732245,71.1923020732245,0
0,70.9391316097531,70.9391316097531,0
0,71.9022995090407,71.9022995090407,0
0,71.9715402572149,71.9715402572149,0
0,71.7645804902373,71.7645804902373,0
0,73.0436222911809,73.0436222911809,0
0,73.5053869543755,73.5053869543755,0
0,73.4510671900586,73.4510671900586,0
0,73.2436017786025,73.2436017786025,0
0,74.205711476154,74.205711476154,0
0,75.1799821583606,75.1799821583606,0
0,74.6093863608838,74.6093863608838,0
0,74.9281968856513,74.9281968856513,0
0,74.686423905248,74.686423905248,0
0,74.4597109552963,74.4597109552963,0
0,74.5048797251609,74.5048797251609,0
0,73.7820018815754,73.7820018815754,0
0,73.5254660159574,73.5254660159574,0
0,73.2620146099346,73.2620146099346,0
0,72.4738282584318,72.4738282584318,0
0,71.2813405599481,71.2813405599481,0
0,71.4536045457061,71.4536045457061,0
0,71.878415592204,71.878415592204,0
0,71.5010155092822,71.5010155092822,0
0,71.6603895819969,71.6603895819969,0
0,72.5317640285427,72.5317640285427,0
0,72.1580600361881,72.1580600361881,0
0,72.5738394809494,72.5738394809494,0
0,72.8736678180427,72.8736678180427,0
0,72.8954558575552,72.8954558575552,0
0,73.7210102222338,73.7210102222338,0
0,73.9702004109958,73.9702004109958,0
0,73.761025192976,73.761025192976,0
0,73.3755691483104,73.3755691483104,0
0,73.5664680829201,73.5664680829201,0
0,73.3421532196888,73.3421532196888,0
0,72.9922310982092,72.9922310982092,0
0,73.4818644411136,73.4818644411136,0
0,73.7040006154158,73.7040006154158,0
0,73.1700812571918,73.1700812571918,0
0,73.0606650165206,73.0606650165206,0
0,73.4194914371379,73.4194914371379,0
0,73.4033285571058,73.4033285571058,0
0,73.0874473217107,73.0874473217107,0
0,73.3273223650956,73.3273223650956,0
0,72.9298720733172,72.9298720733172,0
0,72.3208985508746,72.3208985508746,0
0,72.8007256258389,72.8007256258389,0
0,72.4528695353836,72.4528695353836,0
0,71.7903740010345,71.7903740010345,0
0,72.0262375216258,72.0262375216258,0
0,72.7935512328352,72.7935512328352,0
0,72.287851203814,72.287851203814,0
0,72.331064255162,72.331064255162,0
0,71.9072579270804,71.9072579270804,0
0,72.2870222827741,72.2870222827741,0
0,72.0806191679347,72.0806191679347,0
0,71.9715834116917,71.9715834116917,0
0,71.7423116070094,71.7423116070094,0
0,72.0137164817449,72.0137164817449,0
0,71.6033903924524,71.6033903924524,0
0,71.6683653988361,71.6683653988361,0
0,71.4083755754591,71.4083755754591,0
0,70.9305881004084,70.9305881004084,0
0,70.9791058948826,70.9791058948826,0
0,71.812602806488,71.812602806488,0
0,71.4298529233008,71.4298529233008,0
0,71.6788524021986,71.6788524021986,0
0,72.1358677507267,72.1358677507267,0
0,71.6850567011741,71.6850567011741,0
0,71.4018707537861,71.4018707537861,0
0,71.9752278116143,71.9752278116143,0
0,71.7551242825935,71.7551242825935,0
0,71.4401769952933,71.4401769952933,0
0,71.4689767006691,71.4689767006691,0
0,71.1875794214707,71.1875794214707,0
0,70.2620442058532,70.2620442058532,0
0,70.210252373424,70.210252373424,0
0,71.2743384950625,71.2743384950625,0
0,71.2611206703128,71.2611206703128,0
0,71.2537354870726,71.2537354870726,0
0,71.3201842522284,71.3201842522284,0
0,71.2499206348235,71.2499206348235,0
0,71.3533306439653,71.3533306439653,0
0,71.5864414806161,71.5864414806161,0
0,72.3107445031793,72.3107445031793,0
0,72.4622240438605,72.4622240438605,0
0,72.918557812189,72.918557812189,0
0,72.887582848064,72.887582848064,0
0,71.6075779142687,71.6075779142687,0
0,71.330229958918,71.330229958918,0
0,71.984109681904,71.984109681904,0
0,71.8835994643747,71.8835994643747,0
0,72.1325494460852,72.1325494460852,0
0,72.2281238333762,72.2281238333762,0
0,71.8979238384339,71.8979238384339,0
0,72.1721256568667,72.1721256568667,0
0,72.5863700203707,72.5863700203707,0
0,72.7722559814139,72.7722559814139,0
0,72.6705504881876,72.6705504881876,0
0,73.0897234399805,73.0897234399805,0
0,73.5130677179616,73.5130677179616,0
0,73.4429728106863,73.4429728106863,0
0,73.5656893302089,73.5656893302089,0
0,73.8177529162163,73.8177529162163,0
0,73.5826058676016,73.5826058676016,0
0,74.0546917233208,74.0546917233208,0
0,73.4105910908102,73.4105910908102,0
0,73.498993137646,73.498993137646,0
0,73.0834107097802,73.0834107097802,0
0,73.3950394848222,73.3950394848222,0
0,73.1074894190143,73.1074894190143,0
0,73.0016787224078,73.0016787224078,0
0,72.6337816575661,72.6337816575661,0
0,72.8405804448631,72.8405804448631,0
0,72.3784964838156,72.3784964838156,0
0,72.2002370061534,72.2002370061534,0
0,72.1862470733918,72.1862470733918,0
0,73.0870782440632,73.0870782440632,0
0,72.4818184654921,72.4818184654921,0
0,72.9024069143601,72.9024069143601,0
0,72.6879421462558,72.6879421462558,0
0,72.856147122299,72.856147122299,0
0,72.3112809850184,72.3112809850184,0
0,72.4134241872431,72.4134241872431,0
0,72.1647655420419,72.1647655420419,0
0,72.2597272727124,72.2597272727124,0
0,72.3218291270787,72.3218291270787,0
0,71.569247977839,71.569247977839,0
0,70.4682708336884,70.4682708336884,0
0,70.5205552838209,70.5205552838209,0
0,70.2522017807689,70.2522017807689,0
0,69.8595482531699,69.8595482531699,0
0,69.3575917183282,69.3575917183282,0
0,69.7633628573218,69.7633628573218,0
0,69.189719329419,69.189719329419,0
0,68.9345464265714,68.9345464265714,0
0,68.7828447941303,68.7828447941303,0
0,68.8523024042605,68.8523024042605,0
0,69.3534863772704,69.3534863772704,0
0,69.9125198348527,69.9125198348527,0
0,70.4333301674011,70.4333301674011,0
0,70.3992578804896,70.3992578804896,0
0,70.8630750755122,70.8630750755122,0
0,71.3587501038904,71.3587501038904,0
0,71.5776023244836,71.5776023244836,0
0,72.9127551601372,72.9127551601372,0
0,73.7120505548221,73.7120505548221,0
0,73.8672073248406,73.8672073248406,0
0,73.7467725120345,73.7467725120345,0
0,73.5271061598988,73.5271061598988,0
0,73.1901994642665,73.1901994642665,0
0,71.7783062270257,71.7783062270257,0
0,72.1638361536171,72.1638361536171,0
0,73.0125397445147,73.0125397445147,0
0,73.6914591537306,73.6914591537306,0
0,73.6912816509458,73.6912816509458,0
0,73.5759148052611,73.5759148052611,0
0,73.2774125644527,73.2774125644527,0
0,73.2050349959197,73.2050349959197,0
0,74.1043184400666,74.1043184400666,0
0,74.7238802824006,74.7238802824006,0
0,74.8749595522345,74.8749595522345,0
0,76.6426051518451,76.6426051518451,0
0,76.5005179270641,76.5005179270641,0
0,76.7434502782011,76.7434502782011,0
0,76.6362573748,76.6362573748,0
0,76.6851950242677,76.6851950242677,0
0,76.1366272997734,76.1366272997734,0
0,76.5400917748734,76.5400917748734,0
0,77.3207117253797,77.3207117253797,0
0,77.2535708982396,77.2535708982396,0
0,77.6426471224294,77.6426471224294,0
0,78.4192038069651,78.4192038069651,0
0,78.2038917310872,78.2038917310872,0
0,78.8269360351525,78.8269360351525,0
0,78.4026711640662,78.4026711640662,0
0,79.4817601920625,79.4817601920625,0
0,79.9136148372296,79.9136148372296,0
0,80.0785414050446,80.0785414050446,0
0,80.1259728222938,80.1259728222938,0
0,79.5582039172596,79.5582039172596,0
0,79.0423357075168,79.0423357075168,0
0,79.0338631143864,79.0338631143864,0
0,78.8183214967952,78.8183214967952,0
0,79.2256282657078,79.2256282657078,0
0,78.7406098930349,78.7406098930349,0
0,78.6344173902424,78.6344173902424,0
0,77.8602742985214,77.8602742985214,0
0,77.5352793192001,77.5352793192001,0
0,78.758635148547,78.758635148547,0
0,78.9529320333354,78.9529320333354,0
0,79.0781843810114,79.0781843810114,0
0,79.8457791903199,79.8457791903199,0
0,80.2382022923064,80.2382022923064,0
0,80.469590726945,80.469590726945,0
0,80.6247905727023,80.6247905727023,0
0,81.1350828407781,81.1350828407781,0
0,80.9381484590809,80.9381484590809,0
0,80.8905658193149,80.8905658193149,0
0,81.651858081271,81.651858081271,0
0,80.7017298363861,80.7017298363861,0
0,80.7053606673308,80.7053606673308,0
0,81.1538807438886,81.1538807438886,0
0,80.6728208486874,80.6728208486874,0
0,80.321980185476,80.321980185476,0
0,79.9422081004182,79.9422081004182,0
0,79.1222978934873,79.1222978934873,0
0,79.1008977846541,79.1008977846541,0
0,79.3397512889564,79.3397512889564,0
0,79.4354904904604,79.4354904904604,0
0,78.6092135871715,78.6092135871715,0
0,78.4683411147719,78.4683411147719,0
0,78.5290078625397,78.5290078625397,0
0,78.8816022693452,78.8816022693452,0
0,78.8497330927918,78.8497330927918,0
0,78.9144186602372,78.9144186602372,0
0,79.2600798050216,79.2600798050216,0
0,80.147017660217,80.147017660217,0
0,80.4657450441714,80.4657450441714,0
0,80.396767107878,80.396767107878,0
0,80.6151132281416,80.6151132281416,0
0,81.5278038325529,81.5278038325529,0
0,81.9502333129582,81.9502333129582,0
0,82.3088035980758,82.3088035980758,0
0,82.2144518671796,82.2144518671796,0
0,83.4457023633313,83.4457023633313,0
0,82.4550513641076,82.4550513641076,0
0,82.1965148403149,82.1965148403149,0
0,81.7582548828401,81.7582548828401,0
0,80.8718954545337,80.8718954545337,0
0,81.1150657971654,81.1150657971654,0
0,81.6263817933948,81.6263817933948,0
0,81.262222067189,81.262222067189,0
0,81.4446517171796,81.4446517171796,0
0,81.5618647128998,81.5618647128998,0
0,81.0735685320438,81.0735685320438,0
0,80.1502860176669,80.1502860176669,0
0,80.6238217409522,80.6238217409522,0
0,80.6618238938187,80.6618238938187,0
0,80.5470103558371,80.5470103558371,0
0,80.9743726384153,80.9743726384153,0
0,81.0839394830533,81.0839394830533,0
0,80.344221477697,80.344221477697,0
0,79.9274161776747,79.9274161776747,0
0,79.4606594376998,79.4606594376998,0
0,78.8938912969803,78.8938912969803,0
0,78.6756533020711,78.6756533020711,0
0,78.9276888072677,78.9276888072677,0
0,79.3196280130842,79.3196280130842,0
0,79.3101187136639,79.3101187136639,0
0,79.8555379089591,79.8555379089591,0
0,80.7111165152952,80.7111165152952,0
0,81.0650406849376,81.0650406849376,0
0,81.5218579250752,81.5218579250752,0
0,81.9015728099309,81.9015728099309,0
0,82.058703083243,82.058703083243,0
0,82.2356171897294,82.2356171897294,0
0,82.3352447019907,82.3352447019907,0
0,81.680268988251,81.680268988251,0
0,81.8619250686975,81.8619250686975,0
0,81.6942322186299,81.6942322186299,0
0,81.5005234138067,81.5005234138067,0
0,80.4027453989048,80.4027453989048,0
0,79.6638445989055,79.6638445989055,0
0,78.9454745788894,78.9454745788894,0
0,79.0311733382578,79.0311733382578,0
0,79.6530716123683,79.6530716123683,0
0,79.5136874448748,79.5136874448748,0
0,79.8662708205643,79.8662708205643,0
0,80.4229497835618,80.4229497835618,0
0,80.3442666738473,80.3442666738473,0
0,81.3919845950135,81.3919845950135,0
0,80.9721787198216,80.9721787198216,0
0,81.1886229736814,81.1886229736814,0
0,81.3727015490515,81.3727015490515,0
0,82.0886262770555,82.0886262770555,0
0,82.065452431133,82.065452431133,0
0,81.2642183296473,81.2642183296473,0
0,81.4385516053329,81.4385516053329,0
0,80.908382794104,80.908382794104,0
0,80.8859585601055,80.8859585601055,0
0,80.8619309324441,80.8619309324441,0
0,80.5760042658349,80.5760042658349,0
0,81.0209171456002,81.0209171456002,0
0,81.0770423624493,81.0770423624493,0
0,80.8357953337248,80.8357953337248,0
0,80.0699207843714,80.0699207843714,0
0,80.1747897960997,80.1747897960997,0
0,80.036138571271,80.036138571271,0
0,79.6889113097484,79.6889113097484,0
0,79.7308051401839,79.7308051401839,0
0,79.7490940643959,79.7490940643959,0
0,79.7566558008043,79.7566558008043,0
0,79.8146867133034,79.8146867133034,0
0,80.2565682700135,80.2565682700135,0
0,80.612614341357,80.612614341357,0
0,81.4520523499019,81.4520523499019,0
0,81.5581379094146,81.5581379094146,0
0,81.7978495985305,81.7978495985305,0
0,81.7192863888549,81.7192863888549,0
0,81.2571900331915,81.2571900331915,0
0,82.6606906193195,82.6606906193195,0
0,82.7185658442681,82.7185658442681,0
0,82.4215790081151,82.4215790081151,0
0,81.8321315294449,81.8321315294449,0
0,81.2388851735993,81.2388851735993,0
0,80.1695391108761,80.1695391108761,0
0,79.5624051787976,79.5624051787976,0
0,80.165605147338,80.165605147338,0
0,79.7539204620232,79.7539204620232,0
0,79.5208361657829,79.5208361657829,0
0,79.9190613389593,79.9190613389593,0
0,78.7893119414239,78.7893119414239,0
0,78.725394752627,78.725394752627,0
0,78.3958045061159,78.3958045061159,0
0,78.5059398490631,78.5059398490631,0
0,79.037558178483,79.037558178483,0
0,79.2312591951074,79.2312591951074,0
0,79.6603566284259,79.6603566284259,0
0,79.9737517983223,79.9737517983223,0
0,80.1268140385841,80.1268140385841,0
0,80.9402042416949,80.9402042416949,0
0,80.9822772204653,80.9822772204653,0
0,81.0070742391188,81.0070742391188,0
0,80.6200983927389,80.6200983927389,0
0,81.1930697458799,81.1930697458799,0
0,80.9446726666882,80.9446726666882,0
